0.0001 1.5223419188152056 17.22566649102776 
0.0002 2.3535581475379272 17.22566649102776 
0.00030000000000000003 2.955922734258533 17.22566649102776 
0.0004 3.3768378960088903 17.22566649102776 
0.0005 3.6675714062527924 17.22566649102776 
0.0006000000000000001 3.8676091124457668 17.22566649102776 
0.0007000000000000001 4.005064504631794 17.22566649102776 
0.0008000000000000001 4.099474949748506 17.22566649102776 
0.0009000000000000002 4.16431053682771 17.22566649102776 
0.0010000000000000002 4.208833584970911 17.22566649102776 
0.0011000000000000003 4.23940734797161 17.22566649102776 
0.0012000000000000003 4.260402082223906 17.22566649102776 
0.0013000000000000004 4.274818953342857 17.22566649102776 
0.0014000000000000004 4.284718865966235 17.22566649102776 
0.0015000000000000005 4.291517029525543 17.22566649102776 
0.0016000000000000005 4.296185254995089 17.22566649102776 
0.0017000000000000006 4.299390874907236 17.22566649102776 
0.0018000000000000006 4.301592139391635 17.22566649102776 
0.0019000000000000006 4.303103723874114 17.22566649102776 
0.0020000000000000005 4.304141712567237 17.22566649102776 
0.0021000000000000003 4.304854488160777 17.22566649102776 
0.0022 4.305343943441026 17.22566649102776 
0.0023 4.305680047080834 17.22566649102776 
0.0024 4.305910845810051 17.22566649102776 
0.0024999999999999996 4.306069332797691 17.22566649102776 
0.0025999999999999994 4.306178164095577 17.22566649102776 
0.0026999999999999993 4.306252897369117 17.22566649102776 
0.002799999999999999 4.306304215898643 17.22566649102776 
0.002899999999999999 4.306339455777052 17.22566649102776 
0.0029999999999999988 4.306363654619883 17.22566649102776 
0.0030999999999999986 4.306380271703163 17.22566649102776 
0.0031999999999999984 4.306391682474278 17.22566649102776 
0.0032999999999999982 4.306399518127215 17.22566649102776 
0.003399999999999998 4.30640489878522 17.22566649102776 
0.003499999999999998 4.3064085936247976 17.22566649102776 
0.0035999999999999977 4.306411130831117 17.22566649102776 
0.0036999999999999976 4.306412873103217 17.22566649102776 
0.0037999999999999974 4.306414069502598 17.22566649102776 
0.0038999999999999972 4.306414891057095 17.22566649102776 
0.0039999999999999975 4.30641545520967 17.22566649102776 
0.004099999999999998 4.306415842607134 17.22566649102776 
0.004199999999999998 4.306416108628775 17.22566649102776 
0.004299999999999998 4.306416291302956 17.22566649102776 
0.0043999999999999985 4.306416416743337 17.22566649102776 
0.004499999999999999 4.306416502881889 17.22566649102776 
0.004599999999999999 4.3064165620322985 17.22566649102776 
0.004699999999999999 4.306416602650244 17.22566649102776 
0.0048 4.306416630542148 17.22566649102776 
0.0049 4.306416649695215 17.22566649102776 
0.005 4.306416662847421 17.22566649102776 
0.0051 4.306416671878898 17.22566649102776 
0.005200000000000001 4.306416678080714 17.22566649102776 
0.005300000000000001 4.306416682339435 17.22566649102776 
0.005400000000000001 4.306416685263852 17.22566649102776 
0.005500000000000001 4.3064166872720175 17.22566649102776 
0.005600000000000002 4.306416688651003 17.22566649102776 
0.005700000000000002 4.306416689597937 17.22566649102776 
0.005800000000000002 4.306416690248186 17.22566649102776 
0.0059000000000000025 4.306416690694706 17.22566649102776 
0.006000000000000003 4.306416691001328 17.22566649102776 
0.006100000000000003 4.306416691211879 17.22566649102776 
0.006200000000000003 4.306416691356463 17.22566649102776 
0.0063000000000000035 4.306416691455747 17.22566649102776 
0.006400000000000004 4.306416691523926 17.22566649102776 
0.006500000000000004 4.306416691570743 17.22566649102776 
0.006600000000000004 4.306416691602892 17.22566649102776 
0.0067000000000000046 4.3064166916249675 17.22566649102776 
0.006800000000000005 4.306416691640127 17.22566649102776 
0.006900000000000005 4.306416691650536 17.22566649102776 
0.007000000000000005 4.3064166916576845 17.22566649102776 
0.007100000000000006 4.306416691662593 17.22566649102776 
0.007200000000000006 4.306416691665963 17.22566649102776 
0.007300000000000006 4.306416691668278 17.22566649102776 
0.007400000000000006 4.306416691669868 17.22566649102776 
0.007500000000000007 4.306416691670958 17.22566649102776 
0.007600000000000007 4.306416691671709 17.22566649102776 
0.007700000000000007 4.306416691672223 17.22566649102776 
0.0078000000000000074 4.306416691672577 17.22566649102776 
0.007900000000000008 4.30641669167282 17.22566649102776 
0.008000000000000007 4.306416691672986 17.22566649102776 
0.008100000000000007 4.306416691673101 17.22566649102776 
0.008200000000000006 4.306416691673179 17.22566649102776 
0.008300000000000005 4.306416691673234 17.22566649102776 
0.008400000000000005 4.306416691673271 17.22566649102776 
0.008500000000000004 4.306416691673296 17.22566649102776 
0.008600000000000003 4.306416691673315 17.22566649102776 
0.008700000000000003 4.306416691673327 17.22566649102776 
0.008800000000000002 4.306416691673335 17.22566649102776 
0.008900000000000002 4.30641669167334 17.22566649102776 
0.009000000000000001 4.306416691673344 17.22566649102776 
0.0091 4.306416691673346 17.22566649102776 
0.0092 4.3064166916733475 17.22566649102776 
0.0093 4.306416691673349 17.22566649102776 
0.009399999999999999 4.306416691673349 17.22566649102776 
0.009499999999999998 4.306416691673349 17.22566649102776 
0.009599999999999997 4.306416691673349 17.22566649102776 
0.009699999999999997 4.306416691673349 17.22566649102776 
0.009799999999999996 4.306416691673349 17.22566649102776 
0.009899999999999996 4.306416691673349 17.22566649102776 
0.009999999999999995 4.306416691673349 17.22566649102776 
0.010099999999999994 4.306416691673349 17.22566649102776 
0.010199999999999994 4.306416691673349 17.22566649102776 
0.010299999999999993 4.306416691673349 17.22566649102776 
0.010399999999999993 4.306416691673349 17.22566649102776 
0.010499999999999992 4.306416691673349 17.22566649102776 
0.010599999999999991 4.306416691673349 17.22566649102776 
0.01069999999999999 4.306416691673349 17.22566649102776 
0.01079999999999999 4.306416691673349 17.22566649102776 
0.01089999999999999 4.306416691673349 17.22566649102776 
0.010999999999999989 4.306416691673349 17.22566649102776 
0.011099999999999988 4.306416691673349 17.22566649102776 
0.011199999999999988 4.306416691673349 17.22566649102776 
0.011299999999999987 4.306416691673349 17.22566649102776 
0.011399999999999987 4.306416691673349 17.22566649102776 
0.011499999999999986 4.306416691673349 17.22566649102776 
0.011599999999999985 4.306416691673349 17.22566649102776 
0.011699999999999985 4.306416691673349 17.22566649102776 
0.011799999999999984 4.306416691673349 17.22566649102776 
0.011899999999999984 4.306416691673349 17.22566649102776 
0.011999999999999983 4.306416691673349 17.22566649102776 
0.012099999999999982 4.306416691673349 17.22566649102776 
0.012199999999999982 4.306416691673349 17.22566649102776 
0.012299999999999981 4.306416691673349 17.22566649102776 
0.01239999999999998 4.306416691673349 17.22566649102776 
0.01249999999999998 4.306416691673349 17.22566649102776 
0.01259999999999998 4.306416691673349 17.22566649102776 
0.012699999999999979 4.306416691673349 17.22566649102776 
0.012799999999999978 4.306416691673349 17.22566649102776 
0.012899999999999977 4.306416691673349 17.22566649102776 
0.012999999999999977 4.306416691673349 17.22566649102776 
0.013099999999999976 4.306416691673349 17.22566649102776 
0.013199999999999976 4.306416691673349 17.22566649102776 
0.013299999999999975 4.306416691673349 17.22566649102776 
0.013399999999999974 4.306416691673349 17.22566649102776 
0.013499999999999974 4.306416691673349 17.22566649102776 
0.013599999999999973 4.306416691673349 17.22566649102776 
0.013699999999999973 4.306416691673349 17.22566649102776 
0.013799999999999972 4.306416691673349 17.22566649102776 
0.013899999999999971 4.306416691673349 17.22566649102776 
0.01399999999999997 4.306416691673349 17.22566649102776 
0.01409999999999997 4.306416691673349 17.22566649102776 
0.01419999999999997 4.306416691673349 17.22566649102776 
0.014299999999999969 4.306416691673349 17.22566649102776 
0.014399999999999968 4.306416691673349 17.22566649102776 
0.014499999999999968 4.306416691673349 17.22566649102776 
0.014599999999999967 4.306416691673349 17.22566649102776 
0.014699999999999967 4.306416691673349 17.22566649102776 
0.014799999999999966 4.306416691673349 17.22566649102776 
0.014899999999999965 4.306416691673349 17.22566649102776 
0.014999999999999965 4.306416691673349 17.22566649102776 
0.015099999999999964 4.306416691673349 17.22566649102776 
0.015199999999999964 4.306416691673349 17.22566649102776 
0.015299999999999963 4.306416691673349 17.22566649102776 
0.015399999999999962 4.306416691673349 17.22566649102776 
0.015499999999999962 4.306416691673349 17.22566649102776 
0.015599999999999961 4.306416691673349 17.22566649102776 
0.01569999999999996 4.306416691673349 17.22566649102776 
0.01579999999999996 4.306416691673349 17.22566649102776 
0.01589999999999996 4.306416691673349 17.22566649102776 
0.01599999999999996 4.306416691673349 17.22566649102776 
0.016099999999999958 4.306416691673349 17.22566649102776 
0.016199999999999957 4.306416691673349 17.22566649102776 
0.016299999999999957 4.306416691673349 17.22566649102776 
0.016399999999999956 4.306416691673349 17.22566649102776 
0.016499999999999956 4.306416691673349 17.22566649102776 
0.016599999999999955 4.306416691673349 17.22566649102776 
0.016699999999999954 4.306416691673349 17.22566649102776 
0.016799999999999954 4.306416691673349 17.22566649102776 
0.016899999999999953 4.306416691673349 17.22566649102776 
0.016999999999999953 4.306416691673349 17.22566649102776 
0.017099999999999952 4.306416691673349 17.22566649102776 
0.01719999999999995 4.306416691673349 17.22566649102776 
0.01729999999999995 4.306416691673349 17.22566649102776 
0.01739999999999995 4.306416691673349 17.22566649102776 
0.01749999999999995 4.306416691673349 17.22566649102776 
0.01759999999999995 4.306416691673349 17.22566649102776 
0.01769999999999995 4.306416691673349 17.22566649102776 
0.017799999999999948 4.306416691673349 17.22566649102776 
0.017899999999999947 4.306416691673349 17.22566649102776 
0.017999999999999947 4.306416691673349 17.22566649102776 
0.018099999999999946 4.306416691673349 17.22566649102776 
0.018199999999999945 4.306416691673349 17.22566649102776 
0.018299999999999945 4.306416691673349 17.22566649102776 
0.018399999999999944 4.306416691673349 17.22566649102776 
0.018499999999999944 4.306416691673349 17.22566649102776 
0.018599999999999943 4.306416691673349 17.22566649102776 
0.018699999999999942 4.306416691673349 17.22566649102776 
0.018799999999999942 4.306416691673349 17.22566649102776 
0.01889999999999994 4.306416691673349 17.22566649102776 
0.01899999999999994 4.306416691673349 17.22566649102776 
0.01909999999999994 4.306416691673349 17.22566649102776 
0.01919999999999994 4.306416691673349 17.22566649102776 
0.01929999999999994 4.306416691673349 17.22566649102776 
0.019399999999999938 4.306416691673349 17.22566649102776 
0.019499999999999938 4.306416691673349 17.22566649102776 
0.019599999999999937 4.306416691673349 17.22566649102776 
0.019699999999999936 4.306416691673349 17.22566649102776 
0.019799999999999936 4.306416691673349 17.22566649102776 
0.019899999999999935 4.306416691673349 17.22566649102776 
0.019999999999999934 4.306416691673349 17.22566649102776 
0.020099999999999934 4.306416691673349 17.22566649102776 
0.020199999999999933 4.306416691673349 17.22566649102776 
0.020299999999999933 4.306416691673349 17.22566649102776 
0.020399999999999932 4.306416691673349 17.22566649102776 
0.02049999999999993 4.306416691673349 17.22566649102776 
0.02059999999999993 4.306416691673349 17.22566649102776 
0.02069999999999993 4.306416691673349 17.22566649102776 
0.02079999999999993 4.306416691673349 17.22566649102776 
0.02089999999999993 4.306416691673349 17.22566649102776 
0.02099999999999993 4.306416691673349 17.22566649102776 
0.021099999999999928 4.306416691673349 17.22566649102776 
0.021199999999999927 4.306416691673349 17.22566649102776 
0.021299999999999927 4.306416691673349 17.22566649102776 
0.021399999999999926 4.306416691673349 17.22566649102776 
0.021499999999999925 4.306416691673349 17.22566649102776 
0.021599999999999925 4.306416691673349 17.22566649102776 
0.021699999999999924 4.306416691673349 17.22566649102776 
0.021799999999999924 4.306416691673349 17.22566649102776 
0.021899999999999923 4.306416691673349 17.22566649102776 
0.021999999999999922 4.306416691673349 17.22566649102776 
0.022099999999999922 4.306416691673349 17.22566649102776 
0.02219999999999992 4.306416691673349 17.22566649102776 
0.02229999999999992 4.306416691673349 17.22566649102776 
0.02239999999999992 4.306416691673349 17.22566649102776 
0.02249999999999992 4.306416691673349 17.22566649102776 
0.02259999999999992 4.306416691673349 17.22566649102776 
0.022699999999999918 4.306416691673349 17.22566649102776 
0.022799999999999918 4.306416691673349 17.22566649102776 
0.022899999999999917 4.306416691673349 17.22566649102776 
0.022999999999999916 4.306416691673349 17.22566649102776 
0.023099999999999916 4.306416691673349 17.22566649102776 
0.023199999999999915 4.306416691673349 17.22566649102776 
0.023299999999999915 4.306416691673349 17.22566649102776 
0.023399999999999914 4.306416691673349 17.22566649102776 
0.023499999999999913 4.306416691673349 17.22566649102776 
0.023599999999999913 4.306416691673349 17.22566649102776 
0.023699999999999912 4.306416691673349 17.22566649102776 
0.02379999999999991 4.306416691673349 17.22566649102776 
0.02389999999999991 4.306416691673349 17.22566649102776 
0.02399999999999991 4.306416691673349 17.22566649102776 
0.02409999999999991 4.306416691673349 17.22566649102776 
0.02419999999999991 4.306416691673349 17.22566649102776 
0.02429999999999991 4.306416691673349 17.22566649102776 
0.024399999999999908 4.306416691673349 17.22566649102776 
0.024499999999999907 4.306416691673349 17.22566649102776 
0.024599999999999907 4.306416691673349 17.22566649102776 
0.024699999999999906 4.306416691673349 17.22566649102776 
0.024799999999999905 4.306416691673349 17.22566649102776 
0.024899999999999905 4.306416691673349 17.22566649102776 
0.024999999999999904 4.306416691673349 17.22566649102776 
0.025099999999999904 4.306416691673349 17.22566649102776 
0.025199999999999903 4.306416691673349 17.22566649102776 
0.025299999999999902 4.306416691673349 17.22566649102776 
0.025399999999999902 4.306416691673349 17.22566649102776 
0.0254999999999999 4.306416691673349 17.22566649102776 
0.0255999999999999 4.306416691673349 17.22566649102776 
0.0256999999999999 4.306416691673349 17.22566649102776 
0.0257999999999999 4.306416691673349 17.22566649102776 
0.0258999999999999 4.306416691673349 17.22566649102776 
0.025999999999999898 4.306416691673349 17.22566649102776 
0.026099999999999898 4.306416691673349 17.22566649102776 
0.026199999999999897 4.306416691673349 17.22566649102776 
0.026299999999999896 4.306416691673349 17.22566649102776 
0.026399999999999896 4.306416691673349 17.22566649102776 
0.026499999999999895 4.306416691673349 17.22566649102776 
0.026599999999999895 4.306416691673349 17.22566649102776 
0.026699999999999894 4.306416691673349 17.22566649102776 
0.026799999999999893 4.306416691673349 17.22566649102776 
0.026899999999999893 4.306416691673349 17.22566649102776 
0.026999999999999892 4.306416691673349 17.22566649102776 
0.02709999999999989 4.306416691673349 17.22566649102776 
0.02719999999999989 4.306416691673349 17.22566649102776 
0.02729999999999989 4.306416691673349 17.22566649102776 
0.02739999999999989 4.306416691673349 17.22566649102776 
0.02749999999999989 4.306416691673349 17.22566649102776 
0.02759999999999989 4.306416691673349 17.22566649102776 
0.027699999999999888 4.306416691673349 17.22566649102776 
0.027799999999999887 4.306416691673349 17.22566649102776 
0.027899999999999887 4.306416691673349 17.22566649102776 
0.027999999999999886 4.306416691673349 17.22566649102776 
0.028099999999999885 4.306416691673349 17.22566649102776 
0.028199999999999885 4.306416691673349 17.22566649102776 
0.028299999999999884 4.306416691673349 17.22566649102776 
0.028399999999999884 4.306416691673349 17.22566649102776 
0.028499999999999883 4.306416691673349 17.22566649102776 
0.028599999999999882 4.306416691673349 17.22566649102776 
0.028699999999999882 4.306416691673349 17.22566649102776 
0.02879999999999988 4.306416691673349 17.22566649102776 
0.02889999999999988 4.306416691673349 17.22566649102776 
0.02899999999999988 4.306416691673349 17.22566649102776 
0.02909999999999988 4.306416691673349 17.22566649102776 
0.02919999999999988 4.306416691673349 17.22566649102776 
0.029299999999999878 4.306416691673349 17.22566649102776 
0.029399999999999878 4.306416691673349 17.22566649102776 
0.029499999999999877 4.306416691673349 17.22566649102776 
0.029599999999999876 4.306416691673349 17.22566649102776 
0.029699999999999876 4.306416691673349 17.22566649102776 
0.029799999999999875 4.306416691673349 17.22566649102776 
0.029899999999999875 4.306416691673349 17.22566649102776 
0.029999999999999874 4.306416691673349 17.22566649102776 
0.030099999999999873 4.306416691673349 17.22566649102776 
0.030199999999999873 4.306416691673349 17.22566649102776 
0.030299999999999872 4.306416691673349 17.22566649102776 
0.03039999999999987 4.306416691673349 17.22566649102776 
0.03049999999999987 4.306416691673349 17.22566649102776 
0.03059999999999987 4.306416691673349 17.22566649102776 
0.03069999999999987 4.306416691673349 17.22566649102776 
0.03079999999999987 4.306416691673349 17.22566649102776 
0.03089999999999987 4.306416691673349 17.22566649102776 
0.030999999999999868 4.306416691673349 17.22566649102776 
0.031099999999999867 4.306416691673349 17.22566649102776 
0.031199999999999867 4.306416691673349 17.22566649102776 
0.03129999999999987 4.306416691673349 17.22566649102776 
0.03139999999999987 4.306416691673349 17.22566649102776 
0.031499999999999875 4.306416691673349 17.22566649102776 
0.03159999999999988 4.306416691673349 17.22566649102776 
0.03169999999999988 4.306416691673349 17.22566649102776 
0.031799999999999884 4.306416691673349 17.22566649102776 
0.03189999999999989 4.306416691673349 17.22566649102776 
0.03199999999999989 4.306416691673349 17.22566649102776 
0.03209999999999989 4.306416691673349 17.22566649102776 
0.032199999999999895 4.306416691673349 17.22566649102776 
0.0322999999999999 4.306416691673349 17.22566649102776 
0.0323999999999999 4.306416691673349 17.22566649102776 
0.032499999999999904 4.306416691673349 17.22566649102776 
0.03259999999999991 4.306416691673349 17.22566649102776 
0.03269999999999991 4.306416691673349 17.22566649102776 
0.03279999999999991 4.306416691673349 17.22566649102776 
0.032899999999999915 4.306416691673349 17.22566649102776 
0.03299999999999992 4.306416691673349 17.22566649102776 
0.03309999999999992 4.306416691673349 17.22566649102776 
0.033199999999999924 4.306416691673349 17.22566649102776 
0.03329999999999993 4.306416691673349 17.22566649102776 
0.03339999999999993 4.306416691673349 17.22566649102776 
0.03349999999999993 4.306416691673349 17.22566649102776 
0.033599999999999935 4.306416691673349 17.22566649102776 
0.03369999999999994 4.306416691673349 17.22566649102776 
0.03379999999999994 4.306416691673349 17.22566649102776 
0.033899999999999944 4.306416691673349 17.22566649102776 
0.03399999999999995 4.306416691673349 17.22566649102776 
0.03409999999999995 4.306416691673349 17.22566649102776 
0.03419999999999995 4.306416691673349 17.22566649102776 
0.034299999999999956 4.306416691673349 17.22566649102776 
0.03439999999999996 4.306416691673349 17.22566649102776 
0.03449999999999996 4.306416691673349 17.22566649102776 
0.034599999999999964 4.306416691673349 17.22566649102776 
0.03469999999999997 4.306416691673349 17.22566649102776 
0.03479999999999997 4.306416691673349 17.22566649102776 
0.03489999999999997 4.306416691673349 17.22566649102776 
0.034999999999999976 4.306416691673349 17.22566649102776 
0.03509999999999998 4.306416691673349 17.22566649102776 
0.03519999999999998 4.306416691673349 17.22566649102776 
0.035299999999999984 4.306416691673349 17.22566649102776 
0.03539999999999999 4.306416691673349 17.22566649102776 
0.03549999999999999 4.306416691673349 17.22566649102776 
0.03559999999999999 4.306416691673349 17.22566649102776 
0.035699999999999996 4.306416691673349 17.22566649102776 
0.0358 4.306416691673349 17.22566649102776 
0.0359 4.306416691673349 17.22566649102776 
0.036000000000000004 4.306416691673349 17.22566649102776 
0.03610000000000001 4.306416691673349 17.22566649102776 
0.03620000000000001 4.306416691673349 17.22566649102776 
0.03630000000000001 4.306416691673349 17.22566649102776 
0.036400000000000016 4.306416691673349 17.22566649102776 
0.03650000000000002 4.306416691673349 17.22566649102776 
0.03660000000000002 4.306416691673349 17.22566649102776 
0.036700000000000024 4.306416691673349 17.22566649102776 
0.03680000000000003 4.306416691673349 17.22566649102776 
0.03690000000000003 4.306416691673349 17.22566649102776 
0.03700000000000003 4.306416691673349 17.22566649102776 
0.037100000000000036 4.306416691673349 17.22566649102776 
0.03720000000000004 4.306416691673349 17.22566649102776 
0.03730000000000004 4.306416691673349 17.22566649102776 
0.037400000000000044 4.306416691673349 17.22566649102776 
0.03750000000000005 4.306416691673349 17.22566649102776 
0.03760000000000005 4.306416691673349 17.22566649102776 
0.03770000000000005 4.306416691673349 17.22566649102776 
0.037800000000000056 4.306416691673349 17.22566649102776 
0.03790000000000006 4.306416691673349 17.22566649102776 
0.03800000000000006 4.306416691673349 17.22566649102776 
0.038100000000000064 4.306416691673349 17.22566649102776 
0.03820000000000007 4.306416691673349 17.22566649102776 
0.03830000000000007 4.306416691673349 17.22566649102776 
0.03840000000000007 4.306416691673349 17.22566649102776 
0.038500000000000076 4.306416691673349 17.22566649102776 
0.03860000000000008 4.306416691673349 17.22566649102776 
0.03870000000000008 4.306416691673349 17.22566649102776 
0.038800000000000084 4.306416691673349 17.22566649102776 
0.03890000000000009 4.306416691673349 17.22566649102776 
0.03900000000000009 4.306416691673349 17.22566649102776 
0.03910000000000009 4.306416691673349 17.22566649102776 
0.039200000000000096 4.306416691673349 17.22566649102776 
0.0393000000000001 4.306416691673349 17.22566649102776 
0.0394000000000001 4.306416691673349 17.22566649102776 
0.039500000000000104 4.306416691673349 17.22566649102776 
0.03960000000000011 4.306416691673349 17.22566649102776 
0.03970000000000011 4.306416691673349 17.22566649102776 
0.03980000000000011 4.306416691673349 17.22566649102776 
0.039900000000000116 4.306416691673349 17.22566649102776 
0.04000000000000012 4.306416691673349 17.22566649102776 
0.04010000000000012 4.306416691673349 17.22566649102776 
0.040200000000000125 4.306416691673349 17.22566649102776 
0.04030000000000013 4.306416691673349 17.22566649102776 
0.04040000000000013 4.306416691673349 17.22566649102776 
0.04050000000000013 4.306416691673349 17.22566649102776 
0.040600000000000136 4.306416691673349 17.22566649102776 
0.04070000000000014 4.306416691673349 17.22566649102776 
0.04080000000000014 4.306416691673349 17.22566649102776 
0.040900000000000145 4.306416691673349 17.22566649102776 
0.04100000000000015 4.306416691673349 17.22566649102776 
0.04110000000000015 4.306416691673349 17.22566649102776 
0.04120000000000015 4.306416691673349 17.22566649102776 
0.041300000000000156 4.306416691673349 17.22566649102776 
0.04140000000000016 4.306416691673349 17.22566649102776 
0.04150000000000016 4.306416691673349 17.22566649102776 
0.041600000000000165 4.306416691673349 17.22566649102776 
0.04170000000000017 4.306416691673349 17.22566649102776 
0.04180000000000017 4.306416691673349 17.22566649102776 
0.04190000000000017 4.306416691673349 17.22566649102776 
0.042000000000000176 4.306416691673349 17.22566649102776 
0.04210000000000018 4.306416691673349 17.22566649102776 
0.04220000000000018 4.306416691673349 17.22566649102776 
0.042300000000000185 4.306416691673349 17.22566649102776 
0.04240000000000019 4.306416691673349 17.22566649102776 
0.04250000000000019 4.306416691673349 17.22566649102776 
0.04260000000000019 4.306416691673349 17.22566649102776 
0.042700000000000196 4.306416691673349 17.22566649102776 
0.0428000000000002 4.306416691673349 17.22566649102776 
0.0429000000000002 4.306416691673349 17.22566649102776 
0.043000000000000205 4.306416691673349 17.22566649102776 
0.04310000000000021 4.306416691673349 17.22566649102776 
0.04320000000000021 4.306416691673349 17.22566649102776 
0.04330000000000021 4.306416691673349 17.22566649102776 
0.043400000000000216 4.306416691673349 17.22566649102776 
0.04350000000000022 4.306416691673349 17.22566649102776 
0.04360000000000022 4.306416691673349 17.22566649102776 
0.043700000000000225 4.306416691673349 17.22566649102776 
0.04380000000000023 4.306416691673349 17.22566649102776 
0.04390000000000023 4.306416691673349 17.22566649102776 
0.04400000000000023 4.306416691673349 17.22566649102776 
0.044100000000000236 4.306416691673349 17.22566649102776 
0.04420000000000024 4.306416691673349 17.22566649102776 
0.04430000000000024 4.306416691673349 17.22566649102776 
0.044400000000000245 4.306416691673349 17.22566649102776 
0.04450000000000025 4.306416691673349 17.22566649102776 
0.04460000000000025 4.306416691673349 17.22566649102776 
0.04470000000000025 4.306416691673349 17.22566649102776 
0.044800000000000256 4.306416691673349 17.22566649102776 
0.04490000000000026 4.306416691673349 17.22566649102776 
0.04500000000000026 4.306416691673349 17.22566649102776 
0.045100000000000265 4.306416691673349 17.22566649102776 
0.04520000000000027 4.306416691673349 17.22566649102776 
0.04530000000000027 4.306416691673349 17.22566649102776 
0.045400000000000273 4.306416691673349 17.22566649102776 
0.045500000000000276 4.306416691673349 17.22566649102776 
0.04560000000000028 4.306416691673349 17.22566649102776 
0.04570000000000028 4.306416691673349 17.22566649102776 
0.045800000000000285 4.306416691673349 17.22566649102776 
0.04590000000000029 4.306416691673349 17.22566649102776 
0.04600000000000029 4.306416691673349 17.22566649102776 
0.046100000000000294 4.306416691673349 17.22566649102776 
0.046200000000000296 4.306416691673349 17.22566649102776 
0.0463000000000003 4.306416691673349 17.22566649102776 
0.0464000000000003 4.306416691673349 17.22566649102776 
0.046500000000000305 4.306416691673349 17.22566649102776 
0.04660000000000031 4.306416691673349 17.22566649102776 
0.04670000000000031 4.306416691673349 17.22566649102776 
0.046800000000000314 4.306416691673349 17.22566649102776 
0.046900000000000316 4.306416691673349 17.22566649102776 
0.04700000000000032 4.306416691673349 17.22566649102776 
0.04710000000000032 4.306416691673349 17.22566649102776 
0.047200000000000325 4.306416691673349 17.22566649102776 
0.04730000000000033 4.306416691673349 17.22566649102776 
0.04740000000000033 4.306416691673349 17.22566649102776 
0.047500000000000334 4.306416691673349 17.22566649102776 
0.047600000000000336 4.306416691673349 17.22566649102776 
0.04770000000000034 4.306416691673349 17.22566649102776 
0.04780000000000034 4.306416691673349 17.22566649102776 
0.047900000000000345 4.306416691673349 17.22566649102776 
0.04800000000000035 4.306416691673349 17.22566649102776 
0.04810000000000035 4.306416691673349 17.22566649102776 
0.048200000000000354 4.306416691673349 17.22566649102776 
0.04830000000000036 4.306416691673349 17.22566649102776 
0.04840000000000036 4.306416691673349 17.22566649102776 
0.04850000000000036 4.306416691673349 17.22566649102776 
0.048600000000000365 4.306416691673349 17.22566649102776 
0.04870000000000037 4.306416691673349 17.22566649102776 
0.04880000000000037 4.306416691673349 17.22566649102776 
0.048900000000000374 4.306416691673349 17.22566649102776 
0.04900000000000038 4.306416691673349 17.22566649102776 
0.04910000000000038 4.306416691673349 17.22566649102776 
0.04920000000000038 4.306416691673349 17.22566649102776 
0.049300000000000385 4.306416691673349 17.22566649102776 
0.04940000000000039 4.306416691673349 17.22566649102776 
0.04950000000000039 4.306416691673349 17.22566649102776 
0.049600000000000394 4.306416691673349 17.22566649102776 
0.0497000000000004 4.306416691673349 17.22566649102776 
0.0498000000000004 4.306416691673349 17.22566649102776 
0.0499000000000004 4.306416691673349 17.22566649102776 
0.050000000000000405 4.306416691673349 17.22566649102776 
0.05010000000000041 4.306416691673349 17.22566649102776 
0.05020000000000041 4.306416691673349 17.22566649102776 
0.050300000000000414 4.306416691673349 17.22566649102776 
0.05040000000000042 4.306416691673349 17.22566649102776 
0.05050000000000042 4.306416691673349 17.22566649102776 
0.05060000000000042 4.306416691673349 17.22566649102776 
0.050700000000000425 4.306416691673349 17.22566649102776 
0.05080000000000043 4.306416691673349 17.22566649102776 
0.05090000000000043 4.306416691673349 17.22566649102776 
0.051000000000000434 4.306416691673349 17.22566649102776 
0.05110000000000044 4.306416691673349 17.22566649102776 
0.05120000000000044 4.306416691673349 17.22566649102776 
0.05130000000000044 4.306416691673349 17.22566649102776 
0.051400000000000445 4.306416691673349 17.22566649102776 
0.05150000000000045 4.306416691673349 17.22566649102776 
0.05160000000000045 4.306416691673349 17.22566649102776 
0.051700000000000454 4.306416691673349 17.22566649102776 
0.05180000000000046 4.306416691673349 17.22566649102776 
0.05190000000000046 4.306416691673349 17.22566649102776 
0.05200000000000046 4.306416691673349 17.22566649102776 
0.052100000000000465 4.306416691673349 17.22566649102776 
0.05220000000000047 4.306416691673349 17.22566649102776 
0.05230000000000047 4.306416691673349 17.22566649102776 
0.052400000000000474 4.306416691673349 17.22566649102776 
0.05250000000000048 4.306416691673349 17.22566649102776 
0.05260000000000048 4.306416691673349 17.22566649102776 
0.05270000000000048 4.306416691673349 17.22566649102776 
0.052800000000000485 4.306416691673349 17.22566649102776 
0.05290000000000049 4.306416691673349 17.22566649102776 
0.05300000000000049 4.306416691673349 17.22566649102776 
0.053100000000000494 4.306416691673349 17.22566649102776 
0.0532000000000005 4.306416691673349 17.22566649102776 
0.0533000000000005 4.306416691673349 17.22566649102776 
0.0534000000000005 4.306416691673349 17.22566649102776 
0.053500000000000505 4.306416691673349 17.22566649102776 
0.05360000000000051 4.306416691673349 17.22566649102776 
0.05370000000000051 4.306416691673349 17.22566649102776 
0.053800000000000514 4.306416691673349 17.22566649102776 
0.05390000000000052 4.306416691673349 17.22566649102776 
0.05400000000000052 4.306416691673349 17.22566649102776 
0.05410000000000052 4.306416691673349 17.22566649102776 
0.054200000000000526 4.306416691673349 17.22566649102776 
0.05430000000000053 4.306416691673349 17.22566649102776 
0.05440000000000053 4.306416691673349 17.22566649102776 
0.054500000000000534 4.306416691673349 17.22566649102776 
0.05460000000000054 4.306416691673349 17.22566649102776 
0.05470000000000054 4.306416691673349 17.22566649102776 
0.05480000000000054 4.306416691673349 17.22566649102776 
0.054900000000000546 4.306416691673349 17.22566649102776 
0.05500000000000055 4.306416691673349 17.22566649102776 
0.05510000000000055 4.306416691673349 17.22566649102776 
0.055200000000000554 4.306416691673349 17.22566649102776 
0.05530000000000056 4.306416691673349 17.22566649102776 
0.05540000000000056 4.306416691673349 17.22566649102776 
0.05550000000000056 4.306416691673349 17.22566649102776 
0.055600000000000566 4.306416691673349 17.22566649102776 
0.05570000000000057 4.306416691673349 17.22566649102776 
0.05580000000000057 4.306416691673349 17.22566649102776 
0.055900000000000574 4.306416691673349 17.22566649102776 
0.05600000000000058 4.306416691673349 17.22566649102776 
0.05610000000000058 4.306416691673349 17.22566649102776 
0.05620000000000058 4.306416691673349 17.22566649102776 
0.056300000000000586 4.306416691673349 17.22566649102776 
0.05640000000000059 4.306416691673349 17.22566649102776 
0.05650000000000059 4.306416691673349 17.22566649102776 
0.056600000000000594 4.306416691673349 17.22566649102776 
0.0567000000000006 4.306416691673349 17.22566649102776 
0.0568000000000006 4.306416691673349 17.22566649102776 
0.0569000000000006 4.306416691673349 17.22566649102776 
0.057000000000000606 4.306416691673349 17.22566649102776 
0.05710000000000061 4.306416691673349 17.22566649102776 
0.05720000000000061 4.306416691673349 17.22566649102776 
0.057300000000000614 4.306416691673349 17.22566649102776 
0.05740000000000062 4.306416691673349 17.22566649102776 
0.05750000000000062 4.306416691673349 17.22566649102776 
0.05760000000000062 4.306416691673349 17.22566649102776 
0.057700000000000626 4.306416691673349 17.22566649102776 
0.05780000000000063 4.306416691673349 17.22566649102776 
0.05790000000000063 4.306416691673349 17.22566649102776 
0.058000000000000634 4.306416691673349 17.22566649102776 
0.05810000000000064 4.306416691673349 17.22566649102776 
0.05820000000000064 4.306416691673349 17.22566649102776 
0.05830000000000064 4.306416691673349 17.22566649102776 
0.058400000000000646 4.306416691673349 17.22566649102776 
0.05850000000000065 4.306416691673349 17.22566649102776 
0.05860000000000065 4.306416691673349 17.22566649102776 
0.058700000000000654 4.306416691673349 17.22566649102776 
0.05880000000000066 4.306416691673349 17.22566649102776 
0.05890000000000066 4.306416691673349 17.22566649102776 
0.05900000000000066 4.306416691673349 17.22566649102776 
0.059100000000000666 4.306416691673349 17.22566649102776 
0.05920000000000067 4.306416691673349 17.22566649102776 
0.05930000000000067 4.306416691673349 17.22566649102776 
0.059400000000000674 4.306416691673349 17.22566649102776 
0.05950000000000068 4.306416691673349 17.22566649102776 
0.05960000000000068 4.306416691673349 17.22566649102776 
0.05970000000000068 4.306416691673349 17.22566649102776 
0.059800000000000686 4.306416691673349 17.22566649102776 
0.05990000000000069 4.306416691673349 17.22566649102776 
0.06000000000000069 4.306416691673349 17.22566649102776 
0.060100000000000695 4.306416691673349 17.22566649102776 
0.0602000000000007 4.306416691673349 17.22566649102776 
0.0603000000000007 4.306416691673349 17.22566649102776 
0.0604000000000007 4.306416691673349 17.22566649102776 
0.060500000000000706 4.306416691673349 17.22566649102776 
0.06060000000000071 4.306416691673349 17.22566649102776 
0.06070000000000071 4.306416691673349 17.22566649102776 
0.060800000000000715 4.306416691673349 17.22566649102776 
0.06090000000000072 4.306416691673349 17.22566649102776 
0.06100000000000072 4.306416691673349 17.22566649102776 
0.06110000000000072 4.306416691673349 17.22566649102776 
0.061200000000000726 4.306416691673349 17.22566649102776 
0.06130000000000073 4.306416691673349 17.22566649102776 
0.06140000000000073 4.306416691673349 17.22566649102776 
0.061500000000000735 4.306416691673349 17.22566649102776 
0.06160000000000074 4.306416691673349 17.22566649102776 
0.06170000000000074 4.306416691673349 17.22566649102776 
0.06180000000000074 4.306416691673349 17.22566649102776 
0.061900000000000746 4.306416691673349 17.22566649102776 
0.06200000000000075 4.306416691673349 17.22566649102776 
0.06210000000000075 4.306416691673349 17.22566649102776 
0.062200000000000755 4.306416691673349 17.22566649102776 
0.06230000000000076 4.306416691673349 17.22566649102776 
0.06240000000000076 4.306416691673349 17.22566649102776 
0.06250000000000076 4.306416691673349 17.22566649102776 
0.06260000000000077 4.306416691673349 17.22566649102776 
0.06270000000000077 4.306416691673349 17.22566649102776 
0.06280000000000077 4.306416691673349 17.22566649102776 
0.06290000000000077 4.306416691673349 17.22566649102776 
0.06300000000000078 4.306416691673349 17.22566649102776 
0.06310000000000078 4.306416691673349 17.22566649102776 
0.06320000000000078 4.306416691673349 17.22566649102776 
0.06330000000000079 4.306416691673349 17.22566649102776 
0.06340000000000079 4.306416691673349 17.22566649102776 
0.06350000000000079 4.306416691673349 17.22566649102776 
0.0636000000000008 4.306416691673349 17.22566649102776 
0.0637000000000008 4.306416691673349 17.22566649102776 
0.0638000000000008 4.306416691673349 17.22566649102776 
0.0639000000000008 4.306416691673349 17.22566649102776 
0.0640000000000008 4.306416691673349 17.22566649102776 
0.06410000000000081 4.306416691673349 17.22566649102776 
0.06420000000000081 4.306416691673349 17.22566649102776 
0.06430000000000081 4.306416691673349 17.22566649102776 
0.06440000000000082 4.306416691673349 17.22566649102776 
0.06450000000000082 4.306416691673349 17.22566649102776 
0.06460000000000082 4.306416691673349 17.22566649102776 
0.06470000000000083 4.306416691673349 17.22566649102776 
0.06480000000000083 4.306416691673349 17.22566649102776 
0.06490000000000083 4.306416691673349 17.22566649102776 
0.06500000000000083 4.306416691673349 17.22566649102776 
0.06510000000000084 4.306416691673349 17.22566649102776 
0.06520000000000084 4.306416691673349 17.22566649102776 
0.06530000000000084 4.306416691673349 17.22566649102776 
0.06540000000000085 4.306416691673349 17.22566649102776 
0.06550000000000085 4.306416691673349 17.22566649102776 
0.06560000000000085 4.306416691673349 17.22566649102776 
0.06570000000000085 4.306416691673349 17.22566649102776 
0.06580000000000086 4.306416691673349 17.22566649102776 
0.06590000000000086 4.306416691673349 17.22566649102776 
0.06600000000000086 4.306416691673349 17.22566649102776 
0.06610000000000087 4.306416691673349 17.22566649102776 
0.06620000000000087 4.306416691673349 17.22566649102776 
0.06630000000000087 4.306416691673349 17.22566649102776 
0.06640000000000087 4.306416691673349 17.22566649102776 
0.06650000000000088 4.306416691673349 17.22566649102776 
0.06660000000000088 4.306416691673349 17.22566649102776 
0.06670000000000088 4.306416691673349 17.22566649102776 
0.06680000000000089 4.306416691673349 17.22566649102776 
0.06690000000000089 4.306416691673349 17.22566649102776 
0.06700000000000089 4.306416691673349 17.22566649102776 
0.0671000000000009 4.306416691673349 17.22566649102776 
0.0672000000000009 4.306416691673349 17.22566649102776 
0.0673000000000009 4.306416691673349 17.22566649102776 
0.0674000000000009 4.306416691673349 17.22566649102776 
0.0675000000000009 4.306416691673349 17.22566649102776 
0.06760000000000091 4.306416691673349 17.22566649102776 
0.06770000000000091 4.306416691673349 17.22566649102776 
0.06780000000000092 4.306416691673349 17.22566649102776 
0.06790000000000092 4.306416691673349 17.22566649102776 
0.06800000000000092 4.306416691673349 17.22566649102776 
0.06810000000000092 4.306416691673349 17.22566649102776 
0.06820000000000093 4.306416691673349 17.22566649102776 
0.06830000000000093 4.306416691673349 17.22566649102776 
0.06840000000000093 4.306416691673349 17.22566649102776 
0.06850000000000094 4.306416691673349 17.22566649102776 
0.06860000000000094 4.306416691673349 17.22566649102776 
0.06870000000000094 4.306416691673349 17.22566649102776 
0.06880000000000094 4.306416691673349 17.22566649102776 
0.06890000000000095 4.306416691673349 17.22566649102776 
0.06900000000000095 4.306416691673349 17.22566649102776 
0.06910000000000095 4.306416691673349 17.22566649102776 
0.06920000000000096 4.306416691673349 17.22566649102776 
0.06930000000000096 4.306416691673349 17.22566649102776 
0.06940000000000096 4.306416691673349 17.22566649102776 
0.06950000000000096 4.306416691673349 17.22566649102776 
0.06960000000000097 4.306416691673349 17.22566649102776 
0.06970000000000097 4.306416691673349 17.22566649102776 
0.06980000000000097 4.306416691673349 17.22566649102776 
0.06990000000000098 4.306416691673349 17.22566649102776 
0.07000000000000098 4.306416691673349 17.22566649102776 
0.07010000000000098 4.306416691673349 17.22566649102776 
0.07020000000000098 4.306416691673349 17.22566649102776 
0.07030000000000099 4.306416691673349 17.22566649102776 
0.07040000000000099 4.306416691673349 17.22566649102776 
0.07050000000000099 4.306416691673349 17.22566649102776 
0.070600000000001 4.306416691673349 17.22566649102776 
0.070700000000001 4.306416691673349 17.22566649102776 
0.070800000000001 4.306416691673349 17.22566649102776 
0.070900000000001 4.306416691673349 17.22566649102776 
0.071000000000001 4.306416691673349 17.22566649102776 
0.07110000000000101 4.306416691673349 17.22566649102776 
0.07120000000000101 4.306416691673349 17.22566649102776 
0.07130000000000102 4.306416691673349 17.22566649102776 
0.07140000000000102 4.306416691673349 17.22566649102776 
0.07150000000000102 4.306416691673349 17.22566649102776 
0.07160000000000102 4.306416691673349 17.22566649102776 
0.07170000000000103 4.306416691673349 17.22566649102776 
0.07180000000000103 4.306416691673349 17.22566649102776 
0.07190000000000103 4.306416691673349 17.22566649102776 
0.07200000000000104 4.306416691673349 17.22566649102776 
0.07210000000000104 4.306416691673349 17.22566649102776 
0.07220000000000104 4.306416691673349 17.22566649102776 
0.07230000000000104 4.306416691673349 17.22566649102776 
0.07240000000000105 4.306416691673349 17.22566649102776 
0.07250000000000105 4.306416691673349 17.22566649102776 
0.07260000000000105 4.306416691673349 17.22566649102776 
0.07270000000000106 4.306416691673349 17.22566649102776 
0.07280000000000106 4.306416691673349 17.22566649102776 
0.07290000000000106 4.306416691673349 17.22566649102776 
0.07300000000000106 4.306416691673349 17.22566649102776 
0.07310000000000107 4.306416691673349 17.22566649102776 
0.07320000000000107 4.306416691673349 17.22566649102776 
0.07330000000000107 4.306416691673349 17.22566649102776 
0.07340000000000108 4.306416691673349 17.22566649102776 
0.07350000000000108 4.306416691673349 17.22566649102776 
0.07360000000000108 4.306416691673349 17.22566649102776 
0.07370000000000108 4.306416691673349 17.22566649102776 
0.07380000000000109 4.306416691673349 17.22566649102776 
0.07390000000000109 4.306416691673349 17.22566649102776 
0.07400000000000109 4.306416691673349 17.22566649102776 
0.0741000000000011 4.306416691673349 17.22566649102776 
0.0742000000000011 4.306416691673349 17.22566649102776 
0.0743000000000011 4.306416691673349 17.22566649102776 
0.0744000000000011 4.306416691673349 17.22566649102776 
0.07450000000000111 4.306416691673349 17.22566649102776 
0.07460000000000111 4.306416691673349 17.22566649102776 
0.07470000000000111 4.306416691673349 17.22566649102776 
0.07480000000000112 4.306416691673349 17.22566649102776 
0.07490000000000112 4.306416691673349 17.22566649102776 
0.07500000000000112 4.306416691673349 17.22566649102776 
0.07510000000000112 4.306416691673349 17.22566649102776 
0.07520000000000113 4.306416691673349 17.22566649102776 
0.07530000000000113 4.306416691673349 17.22566649102776 
0.07540000000000113 4.306416691673349 17.22566649102776 
0.07550000000000114 4.306416691673349 17.22566649102776 
0.07560000000000114 4.306416691673349 17.22566649102776 
0.07570000000000114 4.306416691673349 17.22566649102776 
0.07580000000000114 4.306416691673349 17.22566649102776 
0.07590000000000115 4.306416691673349 17.22566649102776 
0.07600000000000115 4.306416691673349 17.22566649102776 
0.07610000000000115 4.306416691673349 17.22566649102776 
0.07620000000000116 4.306416691673349 17.22566649102776 
0.07630000000000116 4.306416691673349 17.22566649102776 
0.07640000000000116 4.306416691673349 17.22566649102776 
0.07650000000000116 4.306416691673349 17.22566649102776 
0.07660000000000117 4.306416691673349 17.22566649102776 
0.07670000000000117 4.306416691673349 17.22566649102776 
0.07680000000000117 4.306416691673349 17.22566649102776 
0.07690000000000118 4.306416691673349 17.22566649102776 
0.07700000000000118 4.306416691673349 17.22566649102776 
0.07710000000000118 4.306416691673349 17.22566649102776 
0.07720000000000118 4.306416691673349 17.22566649102776 
0.07730000000000119 4.306416691673349 17.22566649102776 
0.07740000000000119 4.306416691673349 17.22566649102776 
0.07750000000000119 4.306416691673349 17.22566649102776 
0.0776000000000012 4.306416691673349 17.22566649102776 
0.0777000000000012 4.306416691673349 17.22566649102776 
0.0778000000000012 4.306416691673349 17.22566649102776 
0.0779000000000012 4.306416691673349 17.22566649102776 
0.07800000000000121 4.306416691673349 17.22566649102776 
0.07810000000000121 4.306416691673349 17.22566649102776 
0.07820000000000121 4.306416691673349 17.22566649102776 
0.07830000000000122 4.306416691673349 17.22566649102776 
0.07840000000000122 4.306416691673349 17.22566649102776 
0.07850000000000122 4.306416691673349 17.22566649102776 
0.07860000000000122 4.306416691673349 17.22566649102776 
0.07870000000000123 4.306416691673349 17.22566649102776 
0.07880000000000123 4.306416691673349 17.22566649102776 
0.07890000000000123 4.306416691673349 17.22566649102776 
0.07900000000000124 4.306416691673349 17.22566649102776 
0.07910000000000124 4.306416691673349 17.22566649102776 
0.07920000000000124 4.306416691673349 17.22566649102776 
0.07930000000000124 4.306416691673349 17.22566649102776 
0.07940000000000125 4.306416691673349 17.22566649102776 
0.07950000000000125 4.306416691673349 17.22566649102776 
0.07960000000000125 4.306416691673349 17.22566649102776 
0.07970000000000126 4.306416691673349 17.22566649102776 
0.07980000000000126 4.306416691673349 17.22566649102776 
0.07990000000000126 4.306416691673349 17.22566649102776 
0.08000000000000126 4.306416691673349 17.22566649102776 
0.08010000000000127 4.306416691673349 17.22566649102776 
0.08020000000000127 4.306416691673349 17.22566649102776 
0.08030000000000127 4.306416691673349 17.22566649102776 
0.08040000000000128 4.306416691673349 17.22566649102776 
0.08050000000000128 4.306416691673349 17.22566649102776 
0.08060000000000128 4.306416691673349 17.22566649102776 
0.08070000000000128 4.306416691673349 17.22566649102776 
0.08080000000000129 4.306416691673349 17.22566649102776 
0.08090000000000129 4.306416691673349 17.22566649102776 
0.0810000000000013 4.306416691673349 17.22566649102776 
0.0811000000000013 4.306416691673349 17.22566649102776 
0.0812000000000013 4.306416691673349 17.22566649102776 
0.0813000000000013 4.306416691673349 17.22566649102776 
0.0814000000000013 4.306416691673349 17.22566649102776 
0.08150000000000131 4.306416691673349 17.22566649102776 
0.08160000000000131 4.306416691673349 17.22566649102776 
0.08170000000000131 4.306416691673349 17.22566649102776 
0.08180000000000132 4.306416691673349 17.22566649102776 
0.08190000000000132 4.306416691673349 17.22566649102776 
0.08200000000000132 4.306416691673349 17.22566649102776 
0.08210000000000132 4.306416691673349 17.22566649102776 
0.08220000000000133 4.306416691673349 17.22566649102776 
0.08230000000000133 4.306416691673349 17.22566649102776 
0.08240000000000133 4.306416691673349 17.22566649102776 
0.08250000000000134 4.306416691673349 17.22566649102776 
0.08260000000000134 4.306416691673349 17.22566649102776 
0.08270000000000134 4.306416691673349 17.22566649102776 
0.08280000000000134 4.306416691673349 17.22566649102776 
0.08290000000000135 4.306416691673349 17.22566649102776 
0.08300000000000135 4.306416691673349 17.22566649102776 
0.08310000000000135 4.306416691673349 17.22566649102776 
0.08320000000000136 4.306416691673349 17.22566649102776 
0.08330000000000136 4.306416691673349 17.22566649102776 
0.08340000000000136 4.306416691673349 17.22566649102776 
0.08350000000000136 4.306416691673349 17.22566649102776 
0.08360000000000137 4.306416691673349 17.22566649102776 
0.08370000000000137 4.306416691673349 17.22566649102776 
0.08380000000000137 4.306416691673349 17.22566649102776 
0.08390000000000138 4.306416691673349 17.22566649102776 
0.08400000000000138 4.306416691673349 17.22566649102776 
0.08410000000000138 4.306416691673349 17.22566649102776 
0.08420000000000138 4.306416691673349 17.22566649102776 
0.08430000000000139 4.306416691673349 17.22566649102776 
0.08440000000000139 4.306416691673349 17.22566649102776 
0.0845000000000014 4.306416691673349 17.22566649102776 
0.0846000000000014 4.306416691673349 17.22566649102776 
0.0847000000000014 4.306416691673349 17.22566649102776 
0.0848000000000014 4.306416691673349 17.22566649102776 
0.0849000000000014 4.306416691673349 17.22566649102776 
0.08500000000000141 4.306416691673349 17.22566649102776 
0.08510000000000141 4.306416691673349 17.22566649102776 
0.08520000000000141 4.306416691673349 17.22566649102776 
0.08530000000000142 4.306416691673349 17.22566649102776 
0.08540000000000142 4.306416691673349 17.22566649102776 
0.08550000000000142 4.306416691673349 17.22566649102776 
0.08560000000000142 4.306416691673349 17.22566649102776 
0.08570000000000143 4.306416691673349 17.22566649102776 
0.08580000000000143 4.306416691673349 17.22566649102776 
0.08590000000000143 4.306416691673349 17.22566649102776 
0.08600000000000144 4.306416691673349 17.22566649102776 
0.08610000000000144 4.306416691673349 17.22566649102776 
0.08620000000000144 4.306416691673349 17.22566649102776 
0.08630000000000144 4.306416691673349 17.22566649102776 
0.08640000000000145 4.306416691673349 17.22566649102776 
0.08650000000000145 4.306416691673349 17.22566649102776 
0.08660000000000145 4.306416691673349 17.22566649102776 
0.08670000000000146 4.306416691673349 17.22566649102776 
0.08680000000000146 4.306416691673349 17.22566649102776 
0.08690000000000146 4.306416691673349 17.22566649102776 
0.08700000000000147 4.306416691673349 17.22566649102776 
0.08710000000000147 4.306416691673349 17.22566649102776 
0.08720000000000147 4.306416691673349 17.22566649102776 
0.08730000000000147 4.306416691673349 17.22566649102776 
0.08740000000000148 4.306416691673349 17.22566649102776 
0.08750000000000148 4.306416691673349 17.22566649102776 
0.08760000000000148 4.306416691673349 17.22566649102776 
0.08770000000000149 4.306416691673349 17.22566649102776 
0.08780000000000149 4.306416691673349 17.22566649102776 
0.08790000000000149 4.306416691673349 17.22566649102776 
0.0880000000000015 4.306416691673349 17.22566649102776 
0.0881000000000015 4.306416691673349 17.22566649102776 
0.0882000000000015 4.306416691673349 17.22566649102776 
0.0883000000000015 4.306416691673349 17.22566649102776 
0.0884000000000015 4.306416691673349 17.22566649102776 
0.08850000000000151 4.306416691673349 17.22566649102776 
0.08860000000000151 4.306416691673349 17.22566649102776 
0.08870000000000151 4.306416691673349 17.22566649102776 
0.08880000000000152 4.306416691673349 17.22566649102776 
0.08890000000000152 4.306416691673349 17.22566649102776 
0.08900000000000152 4.306416691673349 17.22566649102776 
0.08910000000000153 4.306416691673349 17.22566649102776 
0.08920000000000153 4.306416691673349 17.22566649102776 
0.08930000000000153 4.306416691673349 17.22566649102776 
0.08940000000000153 4.306416691673349 17.22566649102776 
0.08950000000000154 4.306416691673349 17.22566649102776 
0.08960000000000154 4.306416691673349 17.22566649102776 
0.08970000000000154 4.306416691673349 17.22566649102776 
0.08980000000000155 4.306416691673349 17.22566649102776 
0.08990000000000155 4.306416691673349 17.22566649102776 
0.09000000000000155 4.306416691673349 17.22566649102776 
0.09010000000000155 4.306416691673349 17.22566649102776 
0.09020000000000156 4.306416691673349 17.22566649102776 
0.09030000000000156 4.306416691673349 17.22566649102776 
0.09040000000000156 4.306416691673349 17.22566649102776 
0.09050000000000157 4.306416691673349 17.22566649102776 
0.09060000000000157 4.306416691673349 17.22566649102776 
0.09070000000000157 4.306416691673349 17.22566649102776 
0.09080000000000157 4.306416691673349 17.22566649102776 
0.09090000000000158 4.306416691673349 17.22566649102776 
0.09100000000000158 4.306416691673349 17.22566649102776 
0.09110000000000158 4.306416691673349 17.22566649102776 
0.09120000000000159 4.306416691673349 17.22566649102776 
0.09130000000000159 4.306416691673349 17.22566649102776 
0.09140000000000159 4.306416691673349 17.22566649102776 
0.0915000000000016 4.306416691673349 17.22566649102776 
0.0916000000000016 4.306416691673349 17.22566649102776 
0.0917000000000016 4.306416691673349 17.22566649102776 
0.0918000000000016 4.306416691673349 17.22566649102776 
0.0919000000000016 4.306416691673349 17.22566649102776 
0.09200000000000161 4.306416691673349 17.22566649102776 
0.09210000000000161 4.306416691673349 17.22566649102776 
0.09220000000000161 4.306416691673349 17.22566649102776 
0.09230000000000162 4.306416691673349 17.22566649102776 
0.09240000000000162 4.306416691673349 17.22566649102776 
0.09250000000000162 4.306416691673349 17.22566649102776 
0.09260000000000163 4.306416691673349 17.22566649102776 
0.09270000000000163 4.306416691673349 17.22566649102776 
0.09280000000000163 4.306416691673349 17.22566649102776 
0.09290000000000163 4.306416691673349 17.22566649102776 
0.09300000000000164 4.306416691673349 17.22566649102776 
0.09310000000000164 4.306416691673349 17.22566649102776 
0.09320000000000164 4.306416691673349 17.22566649102776 
0.09330000000000165 4.306416691673349 17.22566649102776 
0.09340000000000165 4.306416691673349 17.22566649102776 
0.09350000000000165 4.306416691673349 17.22566649102776 
0.09360000000000165 4.306416691673349 17.22566649102776 
0.09370000000000166 4.306416691673349 17.22566649102776 
0.09380000000000166 4.306416691673349 17.22566649102776 
0.09390000000000166 4.306416691673349 17.22566649102776 
0.09400000000000167 4.306416691673349 17.22566649102776 
0.09410000000000167 4.306416691673349 17.22566649102776 
0.09420000000000167 4.306416691673349 17.22566649102776 
0.09430000000000167 4.306416691673349 17.22566649102776 
0.09440000000000168 4.306416691673349 17.22566649102776 
0.09450000000000168 4.306416691673349 17.22566649102776 
0.09460000000000168 4.306416691673349 17.22566649102776 
0.09470000000000169 4.306416691673349 17.22566649102776 
0.09480000000000169 4.306416691673349 17.22566649102776 
0.09490000000000169 4.306416691673349 17.22566649102776 
0.0950000000000017 4.306416691673349 17.22566649102776 
0.0951000000000017 4.306416691673349 17.22566649102776 
0.0952000000000017 4.306416691673349 17.22566649102776 
0.0953000000000017 4.306416691673349 17.22566649102776 
0.0954000000000017 4.306416691673349 17.22566649102776 
0.09550000000000171 4.306416691673349 17.22566649102776 
0.09560000000000171 4.306416691673349 17.22566649102776 
0.09570000000000171 4.306416691673349 17.22566649102776 
0.09580000000000172 4.306416691673349 17.22566649102776 
0.09590000000000172 4.306416691673349 17.22566649102776 
0.09600000000000172 4.306416691673349 17.22566649102776 
0.09610000000000173 4.306416691673349 17.22566649102776 
0.09620000000000173 4.306416691673349 17.22566649102776 
0.09630000000000173 4.306416691673349 17.22566649102776 
0.09640000000000173 4.306416691673349 17.22566649102776 
0.09650000000000174 4.306416691673349 17.22566649102776 
0.09660000000000174 4.306416691673349 17.22566649102776 
0.09670000000000174 4.306416691673349 17.22566649102776 
0.09680000000000175 4.306416691673349 17.22566649102776 
0.09690000000000175 4.306416691673349 17.22566649102776 
0.09700000000000175 4.306416691673349 17.22566649102776 
0.09710000000000175 4.306416691673349 17.22566649102776 
0.09720000000000176 4.306416691673349 17.22566649102776 
0.09730000000000176 4.306416691673349 17.22566649102776 
0.09740000000000176 4.306416691673349 17.22566649102776 
0.09750000000000177 4.306416691673349 17.22566649102776 
0.09760000000000177 4.306416691673349 17.22566649102776 
0.09770000000000177 4.306416691673349 17.22566649102776 
0.09780000000000177 4.306416691673349 17.22566649102776 
0.09790000000000178 4.306416691673349 17.22566649102776 
0.09800000000000178 4.306416691673349 17.22566649102776 
0.09810000000000178 4.306416691673349 17.22566649102776 
0.09820000000000179 4.306416691673349 17.22566649102776 
0.09830000000000179 4.306416691673349 17.22566649102776 
0.09840000000000179 4.306416691673349 17.22566649102776 
0.0985000000000018 4.306416691673349 17.22566649102776 
0.0986000000000018 4.306416691673349 17.22566649102776 
0.0987000000000018 4.306416691673349 17.22566649102776 
0.0988000000000018 4.306416691673349 17.22566649102776 
0.0989000000000018 4.306416691673349 17.22566649102776 
0.09900000000000181 4.306416691673349 17.22566649102776 
0.09910000000000181 4.306416691673349 17.22566649102776 
0.09920000000000181 4.306416691673349 17.22566649102776 
0.09930000000000182 4.306416691673349 17.22566649102776 
0.09940000000000182 4.306416691673349 17.22566649102776 
0.09950000000000182 4.306416691673349 17.22566649102776 
0.09960000000000183 4.306416691673349 17.22566649102776 
0.09970000000000183 4.306416691673349 17.22566649102776 
0.09980000000000183 4.306416691673349 17.22566649102776 
0.09990000000000183 4.306416691673349 17.22566649102776 
