1e-05 -15.715958033583869 3.9281956227512875 -3.92819562113018 -0.0057982207338449256 -348.4405367106102 -0.9726647094139178 -0.5798221699249642 -15.715977063643361 
2e-05 -33.081279844162935 8.268663719990261 -8.26866371589101 -0.016326835679030458 -346.7174108166394 -2.459550441233728 -1.6326838397451315 -33.08129876242575 
3.0499999999999962e-05 -50.33934102179591 12.582326630411899 -12.58232662307444 -0.03144252411218825 -345.0049281791571 -4.402474917264431 -3.1442529347373744 -50.339359823420615 
4.0499999999999934e-05 -67.48602326760239 16.868156426434787 -16.868156415223954 -0.05039711169441329 -343.30349744866294 -6.726499550785524 -5.039712008554077 -67.48604194845628 
5.0499999999999906e-05 -84.51668040931023 21.12499122196204 -21.124991206179786 -0.07356904954631634 -341.6135796554703 -9.469352635040899 -7.356906179557531 -84.51669896481724 
6.049999999999988e-05 -101.42668219371136 25.351673106072532 -25.351673085026817 -0.10092343771432719 -339.93563425027526 -12.627428437572672 -10.092345451809635 -101.42670061936504 
7.000000000000001e-05 -119.88434052182026 29.965229136202804 -29.965229109281893 -0.13156102923927165 -338.10411800461287 -16.15254750173208 -13.156105114420491 -119.88435880109543 
8e-05 -136.52794723278328 34.12533827491865 -34.12533824136612 -0.16719106144738147 -336.45260644579724 -20.131516203009973 -16.7191089284721 -136.52796537293364 
9e-05 -153.03697170552914 38.2518116608787 -38.25181162002161 -0.20689248136246266 -334.81444921131066 -24.51425323911496 -20.68925158100952 -153.03698970226972 
0.0001 -162.40814561558065 40.59418974875428 -40.594189700516665 -0.2488347181548087 366.1154326144228 -28.942569786141533 -24.88347595858307 -162.40812525449718 
0.00011 -143.76090965021942 35.933353678783796 -35.93335362569875 -0.28258083105230136 364.2651049617948 -31.851026238262826 -28.258087810205673 -143.76088935358646 
0.00012 -125.17266684429296 31.28725028952994 -31.28725023237287 -0.31165973482505016 362.42063108151274 -34.29424283235471 -31.16597867164478 -125.17264661757281 
0.00013049999999999962 -106.6498207541008 26.657454319306275 -26.657454258648766 -0.3372923036559932 360.5826463855653 -36.39450631260525 -33.72923598152179 -106.64980060448917 
0.00014000000000000001 -88.19760936019487 22.045344111056167 -22.045344048119176 -0.3555810800395533 358.7516706282089 -37.7621942705303 -35.55811392438623 -88.19758929119169 
0.00015000000000000001 -69.82069717715177 17.45203096197562 -17.452030897303345 -0.3705867247146065 356.92816665982656 -38.8033644529229 -37.05867864173579 -69.82067719403487 
0.00016 -51.52440668504485 12.878858972569025 -12.878858906920193 -0.3810197938376632 355.11266261939153 -39.38929896606252 -38.101985727752236 -51.524386793030416 
0.00017 -33.31400006731412 8.327144033336392 -8.327143967465078 -0.38690687191789497 353.30568066276373 -39.52278781656203 -38.69069363379535 -33.31398027155539 
0.00018 -15.19467793918605 3.7981866448757433 -3.7981865795311665 -0.388275808640846 351.5077368365137 -39.20674598749444 -38.82758732888327 -15.194658244772148 
0.00019 2.8284179363573334 -0.7067277202065458 0.7067277842802379 -0.38515570407899635 349.7193413474232 -38.44421520768476 -38.515576820748514 2.828437524363335 
0.0002 20.750221727864297 -5.186331302250791 5.186331364314699 -0.3775768834190561 347.94099686773745 -37.238345095691095 -37.757694628567 20.750241204583713 
0.00021 17.59311990822382 -4.397279201560792 4.397279262849984 -0.3721385874367076 -351.7457294004946 -36.77351499493949 -37.21386493978442 17.593101143858995 
0.00022 0.5046118618443267 -0.12606144207450756 0.12606150431296356 -0.3735626258156139 -350.0500711785948 -37.34307359382485 -37.35626880138532 0.5045931964281769 
0.00023 -16.48976538926383 4.121635919256529 -4.121635855367801 -0.3792163028391503 -348.3637533658464 -38.33323678967484 -37.92163659787278 -16.489783951017554 
0.00024 -33.385248991393816 8.344621835983137 -8.344621769748233 -0.3890701824007697 -346.6872485706255 -39.740941906251614 -38.90702471810199 -33.385267444834966 
0.00025 -50.17714004507694 12.541721248682276 -12.541721179410585 -0.4030936922788977 -345.021023055259 -41.563014256633224 -40.30937593940646 -50.17715838562007 
0.00026000000000000003 -66.86080263328192 16.711774842021054 -16.71177476902744 -0.42125513997333314 -343.36553683245285 -43.796168702281236 -42.125521011238405 -66.86082085640724 
0.00027000000000000006 -81.77977276002953 20.44073092965591 -20.440730852398524 -0.44310923439862154 -341.88515748692794 -46.3544311309965 -44.31093081763828 -81.7797908736696 
0.0002800000000000001 -98.24503344151492 24.55620048296734 -24.556200400637373 -0.4694293652918617 -340.2513428452688 -49.39798174233561 -46.94294434519292 -98.24505142936113 
0.0002900000000000001 -114.58896622513423 28.641348409703166 -28.641348321632922 -0.4997860200205175 -338.62956732645205 -52.842145621613895 -49.97861032349729 -114.58898408286292 
0.00030000000000000014 -116.81708816005899 29.198265698314835 -29.198265605156692 -0.5297569536012108 361.5915238442865 -55.894885593231635 -52.975704180583186 -116.81706771569789 
0.00031000000000000016 -98.07164808462169 24.51283528760751 -24.512835191664227 -0.5511539640217784 359.7314515956864 -57.56596907364271 -55.1154055789005 -98.0716277197273 
0.0003200000000000002 -79.4003297702042 19.845920337250707 -19.845920239297776 -0.5678794342798902 357.8787343000851 -58.77175799264168 -56.78795288319104 -79.40030949015534 
0.0003300000000000002 -60.80855645708872 15.19887700223743 -15.198876903045909 -0.5799586111347508 356.0339100946883 -59.51491261098707 -57.9958707697956 -60.80853626720219 
0.00034000000000000024 -42.30169076292848 10.573046284279203 -10.5730461846155 -0.5874180469706287 354.1975111012402 -59.79822223438856 -58.74181447758313 -42.30167066845784 
0.00035000000000000027 -23.885033381603503 5.969753706394586 -5.969753607020247 -0.5902855828592488 352.3700632969147 -59.62460348715671 -59.02856811418965 -23.885013387737736 
0.0003600000000000003 -5.563821810179868 1.3903089945236098 -1.3903088961951122 -0.5885903313249932 350.5520863879928 -58.99709855688521 -58.85904293253813 -5.56380192204222 
0.0003700000000000003 12.656764603437766 -3.1639926603694706 3.163992756900927 -0.5823626638569817 348.74409431073127 -57.91887407194981 -58.23627608204622 12.656784380791045 
0.00038000000000000035 30.77163108627842 -7.6918772101191575 7.6918773041078525 -0.5716341745061013 346.9465926091855 -56.39321680041602 -57.16342696832866 30.771650747859105 
0.00039000000000000037 48.775730754931075 -12.192082576264264 12.192082666970157 -0.5564376873590097 345.1600820754281 -54.42353531480421 -55.64377800059773 48.77575029582024 
0.0004000000000000004 66.6640910604286 -16.663365262639527 16.663365349328455 -0.5368072227183052 343.385056125474 -52.013355948915645 -53.68073120967971 66.66411047577765 
0.0004100000000000004 77.43275056939774 -19.35510474013157 19.355104822698372 -0.5147660846096179 -357.68349538045476 -49.540082371840555 -51.47661703182567 77.4327316429435 
0.00042000000000000045 60.20076405961242 -15.048063971388627 15.048064052474226 -0.5015712303823483 -355.9736000797251 -48.6513587813846 -50.15713138940416 60.20074521549526 
0.0004300000000000005 43.04498350672775 -10.760071457359327 10.760071537674644 -0.4926610496650815 -354.27126654255187 -48.18919044543445 -49.26611316932282 43.04496474858407 
0.0004400000000000005 25.970338831285414 -6.492349867816754 6.492349948068316 -0.48801036006398063 -352.57698395501694 -48.150936889269886 -48.801044131778674 25.970320163942958 
0.00045000000000000053 8.981702055596458 -2.24611753270365 2.2461176135933814 -0.4875927860142013 -350.89123575807764 -48.533838757013186 -48.759286719848134 8.98168348382268 
0.00046000000000000056 -7.916115145898321 1.9774223031645164 -1.9774222209394805 -0.4913807854200318 -349.21449940449406 -49.33502155033826 -49.138086723501424 -7.916133617397367 
0.0004700000000000006 -24.71835744680586 6.17708048000496 -6.177080395752466 -0.4993456625651094 -347.54724675572214 -50.551496819358256 -49.93457457062453 -24.718375813386636 
0.0004800000000000006 -41.42033469713039 10.351684130651185 -10.351684043684244 -0.5114575893984578 -345.889943205896 -52.18016451198254 -51.14576745562315 -41.4203529542129 
0.0004900000000000006 -58.01741785487279 14.500075663315233 -14.500075572952209 -0.527685619589867 -344.24304808552625 -54.21781427781203 -52.76857074496105 -58.01743599794164 
0.0005000000000000007 -46.557345582522096 11.635602530963984 -11.635602439375447 -0.5379035803949505 354.61979115429256 -54.95312223934201 -53.7903669955986 -46.5573255254373 
0.0005100000000000007 -28.179514818892162 7.042022789761019 -7.0420226982726515 -0.5418965896555075 352.79619603700945 -54.8930203255516 -54.18966798813798 -28.179494860795756 
0.0005200000000000007 -9.89550075059541 2.471884560200234 -2.4718844695596864 -0.5413802790467597 350.98191016137343 -54.38432861242949 -54.13803691866662 -9.895480896433638 
0.0005300000000000007 8.289614507478063 -2.073545487214991 2.0735455762841553 -0.5364974766587528 349.17743781540634 -53.4414983205229 -53.64975659856719 8.289634252443594 
0.0005400000000000008 26.37064906469256 -6.5929682669128145 6.592968353665756 -0.5271195635810935 347.38329318767256 -52.0517652123301 -52.71196513465884 26.370668695473505 
0.0005500000000000008 44.34255725126388 -11.08512200631242 11.085122090009904 -0.5132788910612951 345.59997694981973 -50.21849054051494 -51.327897652231584 44.34257676294048 
0.0005600000000000008 62.20036581335116 -15.548763034024732 15.548763113933322 -0.49500900910948126 343.82798258780565 -47.94515362180604 -49.50090915285636 62.200385201073544 
0.0005700000000000008 79.93917010816965 -19.982664829905872 19.982664905298122 -0.4723446504343322 342.06779677945167 -45.23535032575531 -47.23447290797952 79.9391893671588 
0.0005800000000000009 97.55413520807481 -24.385618301201855 24.385618371356507 -0.4453217117215145 340.31989928488593 -42.09279117482275 -44.53217858676537 97.55415433362377 
0.0005900000000000009 115.04049697536543 -28.75643205137266 28.756432115574825 -0.4139772346660207 338.5847628398934 -38.521299420782796 -41.39773035932991 115.04051596284012 
0.0006000000000000009 132.3935631076576 -33.0939326415588 33.09393269910015 -0.3783493867660334 336.8628530521852 -34.52480909808286 -37.83494497612693 132.39358195249807 
0.000610000000000001 149.60871415369107 -37.39696484465514 37.39696489483408 -0.3384774418859514 335.15462830060204 -30.107363054642473 -33.84774982425018 149.60873285141216 
0.000620000000000001 138.7337650104031 -34.678891654595716 34.67889169950995 -0.304170483766816 -363.7662715283534 -26.948540386265922 -30.41705344112521 138.73374547493373 
0.000630000000000001 120.90801547338859 -30.223449446214193 30.223449487161524 -0.2759130023757355 -361.9974583188016 -24.568398063430127 -27.591304831529627 120.90799600394722 
0.000640000000000001 103.14311638371532 -25.783205132989163 25.78320517070947 -0.25211005937235464 -360.2346831765324 -22.632182367144274 -25.211010134872144 103.14309698548529 
0.0006500000000000011 85.44429092045048 -21.35946483202554 21.359464867254882 -0.2327400733337976 -358.47846438708046 -21.13760457469291 -23.274011208505854 85.44427159855876 
0.0006600000000000011 67.81670721960529 -16.95352090211195 16.953520935582368 -0.21778020074664528 -356.72931477416864 -20.08225113239053 -21.778023700708495 67.81668797912111 
0.0006700000000000011 50.265477097994406 -12.566651624566832 12.56665165700614 -0.20720635148413408 -354.98774157307975 -19.463585234985178 -20.720638598402605 50.26545794392816 
0.0006800000000000011 32.79565480325969 -8.2001208906256 8.200120922757181 -0.20099320457679842 -353.25424630662354 -19.278948434176044 -20.099323804220045 32.795635740561686 
0.0006900000000000012 22.410813747316226 -5.604465853659255 5.604465885593623 -0.19721412388680135 347.77621966756504 -19.160620762735846 -19.721415672298576 22.410832990775642 
0.0007000000000000012 39.992943245992315 -9.999148769790887 9.9991487989298 -0.1848360251361038 346.031580383549 -17.483348454051217 -18.483605591133273 39.9929623747122 
0.0007100000000000012 57.46485485619236 -14.36629189022632 14.366291915855555 -0.16814497146546495 344.2978777985291 -15.377541862476484 -16.814499946163068 57.46487386510611 
0.0007200000000000012 74.82178219943283 -18.704700595718993 18.704700617126463 -0.1471525809566945 342.5755848706384 -12.844482242853644 -14.715260545762373 74.82180108385427 
0.0007300000000000013 92.05898495094392 -23.013189452979905 23.013189469459512 -0.1218936124882157 340.8651719727525 -9.887763972824004 -12.189363278352245 92.05900370625687 
0.0007400000000000013 109.17179165539628 -27.29059024480641 27.29059025565823 -0.09240394826227245 339.16710264397136 -6.511092038799404 -9.24039636475452 109.1718102770556 
0.0007500000000000013 126.15560075548927 -31.53575222734945 31.53575223187992 -0.05872057510749163 337.48183348755424 -2.718280140603275 -5.872058488447716 126.15561923902186 
0.0007600000000000013 143.00588159169212 -35.74754238016859 35.74754237769067 -0.020881565553985928 335.8098140717176 1.486751225808153 -2.0881569030770066 143.00589993269776 
0.0007700000000000014 159.71817537301487 -39.924845649044045 39.924845638877414 0.021073941311527407 334.1514868333072 6.099976707668865 2.1073944820342145 159.71819356716728 
0.0007800000000000014 176.288096118685 -44.066565181514676 44.066565162985896 0.06710575920309342 332.5072869843581 11.117268053697266 6.710577037621349 176.28811416173258 
0.0007900000000000014 192.7113315706302 -48.17162255511692 48.17162252755959 0.11717267419785861 330.8776424215498 16.53439609413262 11.717269370712836 192.71134945839697 
0.0008000000000000014 208.9836440766583 -52.23895799829753 52.23895796105248 0.1712324644958488 329.26297363857105 22.347032738179493 17.123249300608265 208.98366180504476 
0.0008100000000000015 225.10087144425694 -56.26753060398058 56.267530556396 0.2292419203696432 327.6636936413985 28.550752990352333 22.92419585384611 225.1008890092408 
0.0008200000000000015 223.57582052202298 -55.88642721552148 55.88642715858687 0.28572412027659994 -372.18497774897264 34.16076789651919 28.572416784971352 223.57579977326762 
0.0008300000000000015 204.5573749312072 -51.132835791691356 51.132835727478714 0.3341468278394922 -370.29781571315914 38.527583549412114 33.41468834749946 204.55735423021753 
0.0008400000000000016 185.58110807538176 -46.389772210783164 46.3897721400873 0.37779009210321246 -368.41483898823293 42.41751560167869 37.779015500532566 185.58108742785026 
0.0008500000000000016 166.65274855884692 -41.65866895292457 41.658668876537156 0.4166713376904434 -366.5366160120565 45.83244973935744 41.66714070662904 166.65272797041197 
0.0008600000000000016 147.77797239022007 -36.940945352396454 36.94094527110577 0.45080938262991105 -364.66371000352797 48.77440967259459 45.08094576897483 147.77795186646443 
0.0008700000000000016 128.96240152955062 -32.2380072342866 32.23800714887734 0.4802244232952718 -362.7966788184158 51.24555559222876 48.022450325271826 128.96238107600018 
0.0008800000000000017 110.21160246203831 -27.55124655779393 27.55124646904696 0.5049380190061448 -360.9360748078301 53.24818259536125 50.49381030784089 110.21158208416063 
0.0008900000000000017 109.01294382095509 -27.251620268943196 27.251620175997772 0.5304287849695828 339.18286479452127 55.76725337872628 53.042887328606376 109.0129616705289 
0.0009000000000000017 125.22160489586794 -31.30295625023514 31.302956151155673 0.5631821360449709 337.57451201480126 59.44768136283998 56.31822298148903 125.22162261286552 
0.0009100000000000017 141.30210046113575 -35.32226058653475 35.322260480665776 0.5999003487587081 335.9788768403633 63.52138567793053 59.990044864221595 141.30211804136326 
0.0009200000000000018 157.25018033497625 -39.30847039172048 39.308470278412976 0.6405458853477721 334.3963810081819 67.98450631759722 64.05459919987688 157.25019777431058 
0.0009300000000000018 173.0616640192836 -43.26054019984547 43.260540078457 0.6850802102632252 332.82743934066104 72.83308524064982 68.50803243291944 173.06168131367318 
0.0009400000000000018 188.73244156749888 -47.17744218221794 47.17744205211282 0.7334638088871848 331.2724596595165 78.06306826446027 73.3463931009031 188.7324587129644 
0.0009500000000000018 204.25847442447807 -51.05816635748074 51.05816621803022 0.7856562064373864 329.73184270243803 83.67030697629073 78.56563372492757 204.25849141711342 
0.0009600000000000019 219.63579623827647 -54.901720794669224 54.90172064525162 0.8416159870521281 328.20598204253747 89.65056066217191 84.161612718133 219.63581307424943 
0.0009700000000000019 234.86051364377477 -58.70713180922893 58.70713164922977 0.9013008130483748 326.6952640105907 95.99949825198125 90.13009631151102 234.86053031932775 
0.000980000000000002 249.92880701808326 -62.47344415197735 62.47344398078951 0.9646674443458023 325.20006762008074 102.71270028114782 96.46676049630923 249.92882352953404 
0.000990000000000002 264.8369312076706 -66.19972119099579 66.1997210080197 1.0316717580495403 323.72076449504675 109.78566086727805 103.16719298230596 264.8369475514129 
0.001000000000000002 279.581216227166 -69.88504508643948 69.88504489108315 1.1022687681843857 322.2577188007424 117.21378969985552 110.22689517123192 279.58123239967017 
0.001010000000000002 294.1580679298087 -73.52851695825818 73.5285167499375 1.176412645573247 320.8112871771088 124.99241404606963 117.64128414461484 294.15808392762233 
0.001020000000000002 305.06322323204137 -76.25425406727767 76.2542538457152 1.2531387489893249 -380.2708085313609 132.93748019058305 125.3138957637135 305.06320151576983 
0.001030000000000002 284.40044941645584 -71.08957926986434 71.08957903797022 1.3202945874394325 -378.2204831189515 139.13646822351726 132.02948072687008 284.40042703875093 
0.001040000000000002 263.76534073246245 -65.93180169298557 65.93180145162765 1.382236385557487 -376.1729028618078 144.81475059745276 138.22366157000752 263.7653183949139 
0.001050000000000002 243.16424636350206 -60.782508833779616 60.78250858382306 1.4389786159545945 -374.12869777660944 149.9739333045497 143.89788555447737 243.16422407237002 
0.0010600000000000021 222.60346254861398 -55.64327510136197 55.64327484366901 1.4905373024011928 -372.0884926264701 154.61577614139867 149.05375505759014 222.6034403101031 
0.0010700000000000022 202.08923162659977 -50.51566143336306 50.51566116879274 1.5369300046474281 -370.0529068260915 158.74219115281593 153.69302605465293 202.08920944685744 
0.0010800000000000022 181.62774041240883 -45.40121488988956 45.40121461929749 1.5781758028286923 -368.0225542806554 162.35524103229622 157.8176065595226 181.62771829752364 
0.0010900000000000022 192.6561564731602 -48.15764382980203 48.1576435508374 1.6256554552771332 330.8831173352997 167.3787797676751 162.56557259490373 192.65617248909132 
0.0011000000000000022 207.0492279759177 -51.75507481290693 51.75507452470021 1.6775112702824353 329.45492185060294 172.92403051985497 167.7511549588341 207.04924384586204 
0.0011100000000000023 221.30011366440667 -55.316966562967124 55.31696626494304 1.732854358027289 328.0408351777668 178.81444873320186 173.28546465478283 221.30012938484265 
0.0011200000000000023 235.4052340728834 -58.84242389250233 58.84242358409247 1.7916444063357966 326.6412124999644 185.04591373467255 179.16447046448886 235.40524964035973 
0.0011300000000000023 249.36107926203087 -62.33056899555503 62.33056867619799 1.8538402754183405 325.2564021014023 191.61422383009648 185.38405840830544 249.3610946731673 
0.0011400000000000023 263.16420947561045 -65.78054161195554 65.78054128109704 1.9194000163008933 323.88674530216116 198.5150981629246 191.9400335881315 263.1642247270983 
0.0011500000000000024 276.81125577061346 -69.19149918496144 69.19149884205449 1.9882808893900281 322.5325763956677 205.74417858562578 198.82812204391266 276.8112708592161 
0.0011600000000000024 291.63883920206797 -72.89758771081887 72.89758735521217 2.0607740191734747 321.0612651677821 213.36402456875643 206.07743622926915 291.6388541078452 
0.0011700000000000024 304.947880190126 -76.22405865051405 76.22405828178569 2.136178670116782 319.7406358468519 221.23702264587797 213.61790257908868 304.94789492643514 
0.0011800000000000024 318.0908470225555 -79.50901594999274 79.50901556761828 2.21477148454308 318.4364857297627 229.4246802854533 221.47718533029004 318.09086158638723 
0.0011900000000000025 331.0646670022559 -82.751691114795 82.75169071825775 2.2965067457795807 317.1491197140567 237.92234904388607 229.65071281483355 331.06468139067505 
0.0012000000000000025 343.8663410478802 -85.95133405504464 85.95133364383578 2.3813380412381995 315.8788353925332 246.72531272789095 238.13384377313795 343.86635525802654 
0.0012104999999999577 356.4945433135291 -89.1075266736663 89.10752624655582 2.473593299725977 314.62576432620926 256.2662854735995 247.3593711579673 356.4945573479006 
0.001220499999999959 368.94801246215366 -92.22012317356166 92.22012273073696 2.5647674667970515 313.39003167501886 265.6948212989814 256.4767893831262 368.9480263127416 
0.0012304999999999604 353.2716854165709 -88.30168354417039 88.30168308794256 2.6491061998154755 -385.05443709896207 273.7366980161286 264.91066408920983 353.2716609991059 
0.0012404999999999617 330.60951203380864 -82.6371068700541 82.6371064019301 2.7261493019092238 -382.80571529608113 280.8744041987421 272.6149755813536 330.6094876492546 
0.0012500000000000026 307.97345847870446 -76.97907589829306 76.97907541984276 2.7937631964687792 -380.55958531106995 287.07017958968856 279.3763661630816 307.9734341340168 
0.0012600000000000027 285.37051667534763 -71.32926208967638 71.3292616011853 2.8596592599916675 -378.31674093846806 293.09464822619185 285.965973612541 285.3704923774238 
0.0012700000000000027 262.8076223803522 -65.68943964599197 65.68943914840727 2.9198622340953153 -376.07787039942934 298.550816606271 291.9862720252864 262.80759813602964 
0.0012800000000000027 247.28922060047506 -61.81036178237077 61.81036127603424 2.97625275532904 325.46198846181164 303.80191378139153 297.6253250875619 247.2892346267095 
0.0012900000000000027 259.7011481443126 -64.91246350884765 64.91246299145367 3.039496235828953 324.2303779003622 310.43639252187234 303.9496741905582 259.70116202147835 
0.0013000000000000028 271.9671865815628 -67.97809797099912 67.9780974420568 3.105721421168193 323.01324362100854 317.36538975770577 310.5721938271327 271.96720030678586 
0.0013100000000000028 284.0844088838827 -71.00653314788111 71.00653260690648 3.1748878583312248 321.8108760668749 324.5847870486207 317.4888386950581 284.0844224543591 
0.0013200000000000028 296.0499542518051 -73.99705354764492 73.99705299416092 3.246954427649332 320.6235591093286 332.0904009413378 324.6954968267784 296.0499676647984 
0.0013300000000000028 307.8610285874813 -76.94896035434611 76.9489597878828 3.3218793601972907 319.45157000106923 339.8779847251492 332.1879913290757 307.86104184032274 
0.0013400000000000029 319.5149049432178 -79.86157154016696 79.86157096026157 3.3996202552563766 318.29517933162197 347.94323019034016 339.9620821293715 319.51491803330657 
0.0013500000000000029 331.00892394582485 -82.7342219715929 82.73422137778995 3.480134097863245 317.15465098523 356.2817693934321 348.01346773061516 331.00893687062893 
0.001360000000000003 342.3404941968083 -85.56626350954703 85.5662629013984 3.5633772764385605 316.0302421011444 364.88917642953106 356.3377869741469 342.3405069538643 
0.001370000000000003 353.5070926484257 -88.35706510349118 88.35706448055623 3.6493056004892663 314.92220303630927 373.7609692124915 364.93062080992564 353.50710523533945 
0.001380000000000003 364.5062649556576 -91.10601287950443 91.10601224135009 3.737874318378438 313.83077733043547 382.89261126076485 373.7874940735134 364.5062773701045 
0.001390000000000003 375.3356258041271 -93.81251022234801 93.81250956854882 3.829038135156617 312.75620167346244 392.2795134880794 382.90387726921034 375.3356380438523 
0.001400000000000003 385.99285921403157 -96.47597785153202 96.4759771816703 3.922751230448605 311.6987058753996 401.917036000515 392.2751883587337 385.9928712768503 
0.001410000000000003 396.47571882014074 -99.09585389139852 99.09585320506437 4.018967276389692 310.6585128385425 411.8004898959939 401.8967945548412 396.4757307039384 
0.001420000000000003 406.7820281279297 -101.67159393523671 101.67159323202814 4.117639455605313 309.63583853205745 421.9251390700233 411.7640141192967 406.78203983066226 
0.001430000000000003 399.4258325369971 -99.83259233426126 99.83259161538801 4.213469109630089 -389.63422012198055 431.3239510325749 421.3469811173396 399.4258059103485 
0.0014400000000000031 374.5595363219623 -93.6169173736066 93.61691664135634 4.299948803612805 -387.1667876515284 439.3501576896002 429.9949519554996 374.55950972940457 
0.0014500000000000032 349.71987113544117 -87.40787672864842 87.40787598406727 4.380144936910591 -384.701997724377 446.74868221327546 438.01456662054517 349.7198445846209 
0.0014600000000000032 324.91452304311224 -81.20739232838854 81.20739157251973 4.454073192808818 -382.24061301333677 453.5212851141325 445.40739344127445 324.9144965416128 
0.0014700000000000032 300.15111702596744 -75.01737083524799 75.01737006913146 4.521751136008058 -379.7833901299084 459.66991351554265 452.1751888880373 300.1510905813071 
0.0014800000000000032 296.40843885590425 -74.08145116123703 74.08145038394676 4.589729987212702 320.5879874043726 466.37416460094033 458.9730751403509 296.4084506004552 
0.0014900000000000033 306.5443501381863 -76.61448342414283 76.61448263425362 4.662791615446472 319.58222135062454 473.9335301301776 466.2792391802052 306.54436173442446 
0.0015000000000000033 316.53443923257004 -79.11106291626213 79.11106211337945 4.738256907187447 318.5909249387653 481.72961243445883 473.825769610801 316.5344506783417 
0.0015100000000000033 326.37649905150676 -81.57063760954296 81.57063679327896 4.816086261808792 317.6143171736453 489.7583963099571 481.6087063687955 326.37651034472 
0.0015200000000000033 336.06838378299625 -83.99267079569884 83.99266996567248 4.896239589176739 316.6526109798657 498.01581913428726 489.62404044014454 336.06839492162095 
0.0015300000000000034 345.60800916938473 -86.37664115598322 86.37664031182027 4.9786763255383955 315.70601317411393 506.49777246349544 497.8677154488832 345.60802015145305 
0.0015400000000000034 354.9933527648543 -88.72204282563631 88.72204196696947 5.063355449455629 314.7747244396135 515.2001036311794 506.3356292505153 354.9933635884608 
0.0015500000000000034 364.2224541716713 -91.02838545302033 91.0283845794893 5.15023549777971 313.8589393026817 524.1186173525839 515.0236355294777 364.22246483497315 
0.0015600000000000034 373.29341525524785 -93.29519425345777 93.2951933647093 5.2392745816613875 312.9588461113887 533.2490773296887 523.9275454001477 373.29342575646496 
0.0015700000000000035 382.2044003380904 -95.52201005779024 95.52200915347822 5.330430402591075 312.0746270163139 542.5872078612731 533.0431290108623 382.2044106755057 
0.0015800000000000035 390.95363637271646 -97.70838935567849 97.708388435464 5.423660268463914 311.20645795338623 552.1286954531197 542.3661171504251 390.9536465446758 
0.0015900000000000035 399.53941309361073 -99.85390433366173 99.85390339721307 5.518921109664427 310.354508628807 561.8691904304941 551.892202856571 399.5394230985233 
0.0016000000000000035 407.9600831483225 -101.95814290800075 101.95814195499356 5.616169495165557 309.51894250604056 571.8043085510495 561.6170430258713 407.9600929846606 
0.0016100000000000036 416.2140622077924 -104.02070875232829 104.02070778244557 5.715361648636917 308.6999167948671 581.929632618443 571.5362600245583 416.2140718740918 
0.0016200000000000036 424.2998290560099 -106.04122132013032 106.04122033306245 5.816453464557066 307.89758244248634 592.2407140963766 581.6454432997534 424.29983855086977 
0.0016300000000000036 425.21535817479156 -106.26953218471898 106.26953118076322 5.917555043677598 -392.1932627878432 602.37345815547 591.7556028951495 425.2153292867001 
0.0016400000000000037 398.0862314249539 -99.48806168502739 99.48806066713783 6.007941315774343 -389.5012942027877 610.7337318957821 600.7942316097573 398.0862025789609 
0.0016500000000000037 370.99109781575186 -92.71506409409882 92.71506306341568 6.0914778003415355 -386.81269868858465 618.4098856294329 609.1478814573603 370.99106902017786 
0.0016600000000000037 343.93830920244153 -85.95262787895514 85.95262683661521 6.168182823301042 -384.1283049830032 625.4039607865697 616.8183850304508 343.93828046552363 
0.0016700000000000037 316.9361494641551 -79.20282446764644 79.20282341478277 6.238076753062089 -381.4489350786787 631.7182013341707 623.8077791702906 316.9361207940582 
0.0016800000000000038 321.42332329336836 -80.32375048286164 80.32374941746433 6.312158064882104 318.1058108239983 639.2383899274682 631.2159115857473 321.4233327581069 
0.0016900000000000038 329.2777363533623 -82.28631852547282 82.28631744695714 6.388906829799105 317.3264332418695 647.1094118502052 638.8907893553155 329.2777456781873 
0.0017000000000000038 336.99406368047585 -84.21436602613697 84.21436493420315 6.467488724131204 316.5607576287863 655.1602913267288 646.7489800969153 336.9940728638976 
0.0017100000000000038 344.57076732082334 -86.10750828153535 86.10750717588984 6.547866888808621 315.80893659281367 663.3873040374547 654.7867979029547 344.5707763614067 
0.0017200000000000039 352.00636356325657 -87.96537415022576 87.96537303058126 6.630004137056969 315.07111735961973 671.7866942495169 663.000524095376 352.00637245962093 
0.0017300000000000039 359.2994230545528 -89.78760608149874 89.78760494757428 6.713862968308828 314.3474417610445 680.3546762106879 671.3864086168129 359.29943180537225 
0.001740000000000004 366.4485708966407 -91.57386013974374 91.57385899126469 6.799405582123753 313.6380462254534 689.0874355432979 679.9406714225913 366.44857950064414 
0.001750000000000004 373.4524867259554 -93.32380602434564 93.32380486104375 6.88659389211221 312.94306176986265 697.9811306387227 688.659503873124 373.4524951819263 
0.001760000000000004 380.3099047750143 -95.03712708513636 95.03712590674988 6.975389539859068 312.26261399382906 707.0318940518712 697.5390701262587 380.30991308179114 
0.001770000000000004 387.0196139163117 -96.71352033342521 96.71351913969882 7.0657539088422 311.5968230750948 716.2358338934007 706.57550852914 387.0196220727877 
0.001780000000000004 393.5804576886276 -98.35269644863162 98.35269523931656 7.15764813834182 310.9458037669765 725.5890352215039 715.7649330091425 393.58046569375074 
0.001790000000000004 399.9913343058674 -99.95437978055016 99.95437855540422 7.251033137336251 310.3096653974884 735.0875614315653 725.1034344634476 399.99134215864046 
0.001800000000000004 406.25119664853366 -101.51830834727248 101.51830710606005 7.34586959837977 309.6885118701884 744.7274556436867 734.5870821468279 406.2512043480142 
0.001810000000000004 412.3590522379515 -103.04423382879686 103.04423257128896 7.442118011458274 309.0824416667357 754.5047420886474 744.2119250572161 412.3590597832518 
0.0018200000000000041 418.313963193371 -104.53192155635604 104.53192028233033 7.539738677818542 308.49154785114723 764.4154274881831 753.9739933186285 418.31397058365775 
0.0018300000000000041 424.11504617206447 -105.98115049749305 105.98114920673387 7.6386917237668435 307.91591807574224 774.4555024339833 763.8692995610285 424.115053406559 
0.0018400000000000042 398.3284294593306 -99.53503241293116 99.53503110837174 7.7279421608407715 -389.52532702573524 782.7356538599432 772.7943447544427 398.32839847742224 
0.0018500000000000042 369.08871534560575 -92.2257822223147 92.22578090545896 7.809031263392481 -386.6239291091721 790.1134437625985 780.9032563597485 369.08868442935 
0.0018600000000000042 339.9059869490166 -84.93075218609366 84.93075085816574 7.882761159692693 -383.72818577050026 796.7567474106045 788.2762472173738 339.90595610722227 
0.0018700000000000043 314.2880519586639 -78.52674684006209 78.52674550198469 7.950066421275246 318.81382942172144 802.846434974546 795.0067744962629 314.288058731688 
0.0018800000000000043 320.1400518907714 -79.98856891273404 79.9885675623137 8.022659847994998 318.2331472596213 810.252203098069 802.2661183769197 320.1400592400593 
0.0018900000000000043 325.8699673904896 -81.41990458029987 81.4199032173184 8.096596380484343 317.66457928976007 817.7888788199526 809.6597728568986 325.86997461543615 
0.0019000000000000043 331.4767839777265 -82.82046504671375 82.8204636709578 8.171843800524266 317.1082261769531 825.4535633421204 817.1845161137619 331.47679107740487 
0.0019100000000000044 336.9595334681474 -84.19000809459662 84.1900067058583 8.248369716927979 316.5641839921808 833.2429933763689 824.8371090282908 336.95954044167655 
0.0019200000000000044 342.3172932731999 -85.52830290684032 85.52830150491718 8.32614154549438 316.03254428204673 841.1538874728985 832.6142931798333 342.3173001197444 
0.0019300000000000044 347.5491863941981 -86.83513006517381 86.8351286498689 8.40512652058276 315.51339406936324 849.1829471784791 840.5127920037725 347.5491931129683 
0.0019400000000000044 352.6543814020078 -88.11028154512874 88.11028011625065 8.485291706669274 315.00681585516804 857.3268581916312 848.5293119471758 352.6543879922595 
0.0019500000000000045 357.63209240245084 -89.35356070743447 89.35355926479731 8.566604009881667 314.51288762215705 865.5822915139697 856.660543622266 357.63209886348545 
0.0019600000000000043 362.481578987512 -90.56478228586245 90.56478082928594 8.64903018950876 314.03168283952573 873.9459046024019 864.9031629573727 362.4815853186764 
0.0019700000000000043 367.20214617247575 -91.74377237155278 91.7437709008622 8.732536869481214 313.56327046920705 882.4143425125121 873.2538323450055 367.2021523731622 
0.0019800000000000043 371.79314431909523 -92.89036839384774 92.890366908874 8.817090549820106 313.1077149734954 890.9842390436553 881.7092017867149 371.7931503887413 
0.0019900000000000044 376.2539690449044 -94.00441909766045 94.00441759824008 8.902657618049908 312.66507632404495 899.652217877794 890.2659100343883 376.25397498299264 
0.0020000000000000044 380.5840611188065 -95.085784517412 95.08578300338718 8.989204360572542 312.2354100122307 908.4148937132229 898.9205857276563 380.58406692486466 
0.0020100000000000044 384.78290634304625 -96.13433594756339 96.13433441878193 9.07669697399905 311.8187670608599 917.2688733957334 907.6698485270606 384.7829120166469 
0.0020200000000000044 388.85003542170864 -97.14995590977851 97.14995436609392 9.165101576435715 311.4151940372206 926.2107570433839 916.5103102426651 388.85004096246905 
0.0020300000000000045 392.78502381585434 -98.13253811674568 98.13253655801711 9.254384218721222 311.0247330674564 935.2371391670072 925.4385759577735 392.7850292234363 
0.0020400000000000045 375.6133455051185 -93.83950871816953 93.83950714622762 9.337959872352425 -387.27135501345856 943.1651483742477 933.7961427124296 375.61331265434774 
0.0020500000000000045 344.4901843120739 -86.05927952328915 86.05927794045895 9.411071657188064 -384.1830664381619 949.6981179713965 941.1073224133062 344.490151547567 
0.0020600000000000045 313.44412908700184 -78.29829967924773 78.2982980868284 9.476369178707285 -381.1024289327068 955.451599325043 947.637075652433 313.4440964180179 
0.0020700000000000046 296.4728227470139 -74.05527178635431 74.05527018438083 9.537937717747893 320.5815987205845 961.1840916580514 953.7939305816109 296.4728283504278 
0.0020800000000000046 300.4424922467635 -75.04643395865665 75.0464323455413 9.603798723192718 320.1876964145899 967.8692071103889 960.3800322226804 300.44249774586854 
0.0020900000000000046 304.30863958787836 -76.01171434747373 76.01171272307309 9.67054622211535 319.8040664038105 974.6403820439513 967.0547832262903 304.3086449821631 
0.0021000000000000046 308.070719618924 -76.95097653440703 76.95097489858219 9.738153286804469 319.43076278252454 981.4949100894808 973.8154908208612 308.07072490791353 
0.0021100000000000047 311.7282236897584 -77.86409322767128 77.86409158028782 9.806592893433642 319.0678360230608 988.4300761786902 980.6594526232991 311.7282288730143 
0.0021200000000000047 315.28067957401953 -78.75094624274878 78.75094458367685 9.875837931242868 318.7153329834897 995.4431574614159 987.5839575571528 315.28068465113955 
0.0021300000000000047 318.72765138059174 -79.6114264802878 79.6114248094021 9.945861211687667 318.3732969164085 1002.5314242176551 994.5862867675213 318.7276563512101 
0.0021400000000000047 322.0687394541481 -80.44543390126944 80.4454322184492 10.016635477553 318.0417674788097 1009.6921407663349 1001.6637145324472 322.0687443179349 
0.0021500000000000048 325.3035802648747 -81.25287749946926 81.25287580459832 10.088133412029368 317.72078074302453 1016.9225663708133 1008.8135091705258 325.3035850215361 
0.002160000000000005 328.43184628748116 -82.03367527123987 82.03367356420661 10.160327647748465 317.41036920872756 1024.219956138553 1016.0329339444709 328.43185093675913 
0.002170000000000005 331.4532458696055 -82.78775418264135 82.78775246333875 10.233190775775805 317.1105618159951 1031.5815619175269 1023.3192479603772 331.4532504112776 
0.002180000000000005 334.3675230897234 -83.51505013394728 83.5150484022729 10.30669535455773 316.8213839594042 1039.0046331879355 1030.669707062422 334.367527523603 
0.002190000000000005 337.1744576046791 -84.21550792155517 84.21550617741114 10.380813918820296 316.5428575031622 1046.4864179468163 1038.0815647227541 337.1744619306145 
0.002200000000000005 339.87386448694804 -84.88908119732973 84.8890794406228 10.455518988417506 316.275000797255 1054.0241635903828 1045.5520729263158 339.8738687048229 
0.002210000000000005 342.4655940517541 -85.5357324254086 85.53573065605006 10.53078307712644 316.0178286946012 1061.6151177876914 1053.0784830503574 342.46559816148704 
0.002220000000000005 344.9495316741664 -86.15543283650237 86.15543105440815 10.606578701386843 315.77135256920167 1069.2565293516113 1060.6580467383958 344.9495356757109 
0.002230000000000005 347.3255975962856 -86.7481623797166 86.7481605848072 10.682878388982752 315.5355803352722 1076.9456491011256 1068.2880167683782 347.32560148962943 
0.002240000000000005 335.6027608217948 -83.8168717368509 83.81686993029716 10.7556778641709 -383.30118531244307 1083.9322435292447 1075.5679654993053 335.6027264391722 
0.002250000000000005 302.9292606409689 -75.64894005666382 75.64893824128399 10.816804034564997 -380.0590597231585 1089.2278981543966 1081.680583556467 302.92922636830144 
0.002260000000000005 270.3561810723955 -67.50608601450128 67.50608419165465 10.869749202404405 -376.82689866889075 1093.7079740987024 1086.9751012219456 270.3561469192649 
0.002270000000000005 262.3531172206672 -65.50447676547526 65.50447493417285 10.922485785535901 323.9672283523537 1098.78144594336 1092.2487604131602 262.35312129989336 
0.002280000000000005 264.78194392334876 -66.11031684731066 66.11031500667714 10.977867490741563 323.7262207724765 1104.3801133983127 1097.7869318558328 264.781947920034 
0.002290000000000005 267.1286347551729 -66.69562125632989 66.69561940628202 11.033769124610986 323.49336336956924 1110.0287191178006 1103.3770961735381 267.12863866913904 
0.002300000000000005 269.39298575589316 -67.26033891037952 67.2603370508376 11.09016958756982 323.2686763821963 1115.7251480709083 1109.01714340849 269.3929895869895 
0.002310000000000005 271.57482035999436 -67.80442557716167 67.80442370804953 11.147047760025586 323.05217733059806 1121.4672839101056 1114.7049616010893 271.5748241080972 
0.0023200000000000052 273.6739892735718 -68.3278438434749 68.32784196471988 11.204382509183192 322.84388102890796 1127.2530096489534 1120.4384374714743 273.6739929385847 
0.0023300000000000052 275.69037034339016 -68.83056308249941 68.8305611940324 11.26215269582011 322.64379959814516 1133.0802083376752 1126.2154570970408 275.69037392524353 
0.0023400000000000053 277.6238684181982 -69.31255941914611 69.3125575209015 11.32033718101931 322.45194247997676 1138.9467637319112 1132.0339065857333 277.6238719168493 
0.0023500000000000053 279.4744152024118 -69.77381569349657 69.7738137854123 11.3789148328581 322.268316451236 1144.8505609586243 1137.8916727449316 279.4744186178444 
0.0023600000000000053 281.2419691022475 -70.21432142235575 70.21431950437328 11.43786453305106 322.09292563919007 1150.7894871756184 1143.7866437457408 281.24197243447185 
0.0023700000000000053 282.92651506440995 -70.634072758942 70.63407083100628 11.497165183545224 321.9257715375472 1156.7614322283503 1149.7167097825138 282.9265183134626 
0.0023800000000000054 284.52806440743643 -71.03307245074166 71.03307051280117 11.556795713065803 321.76685302319186 1162.764289298789 1155.6797637274212 284.52806757338004 
0.0023900000000000054 286.0466546457928 -71.41132979555003 71.41132784755678 11.616735083610626 321.61616637363903 1168.7959555521386 1161.673701779895 286.04665772871584 
0.0024000000000000054 287.4823493068277 -71.76886059572719 71.76885863763664 11.67696229689164 321.47370528519787 1174.8543327740442 1167.6964241107808 287.4823523068444 
0.0024100000000000055 288.8352377406928 -72.10568711069408 72.10568514246519 11.737456400721724 321.339460891833 1180.9373280073683 1173.7458355010172 288.8352406579428 
0.0024200000000000055 290.1054349233263 -72.42183800769459 72.42183602928984 11.798196495345202 321.21342178471366 1187.042854177886 1179.8198459746886 290.1054377579747 
0.0024300000000000055 291.29308125261684 -72.71734831085155 72.71734632223684 11.859161739710364 321.09557403244037 1193.1688307178447 1185.9163714262768 291.2930840048537 
0.0024400000000000055 288.89692280310925 -72.11711791164944 72.11711591308661 11.919455591023835 -378.66665911318916 1199.1377039035171 1191.9457575615174 288.8968879333496 
0.0024500000000000056 255.02571172833694 -63.64962113088433 63.649619125757965 11.967302648534812 -375.30568708515955 1203.0758152991739 1196.7304641092692 255.02567630033317 
0.0024600000000000056 221.27794115273554 -55.21298760084016 55.21298559055537 12.006691219510953 -371.95696380914296 1206.1708737186082 1200.6693218627038 221.27790586777323 
0.0024700000000000056 219.09452591738096 -54.66583598684491 54.66583396965836 12.048648911135054 328.25969120587723 1210.3119321375223 1204.8650917237103 219.09452884505632 
0.0024800000000000056 220.35388247015888 -54.97920668595888 54.979204661551826 12.091659241361532 328.1347277926158 1214.6442333065436 1209.1661254624805 220.35388533729727 
0.0024900000000000057 221.43563510436795 -55.24827865609206 55.248276624435405 12.134888504630197 328.02738765834073 1218.9939945493088 1213.4890525091153 221.43563791705316 
0.0025000000000000057 222.57971357003882 -55.53282613523591 55.53282409628344 12.178379509164902 327.9138630573898 1223.371479925247 1217.8381536867116 222.57971632227608 
0.0025100000000000057 223.66344401306648 -55.80228473299756 55.802282686715564 12.22208794099245 327.8063266691307 1227.7691986555913 1222.2089975972124 223.6634467049272 
0.0025200000000000057 224.68687994867554 -56.05666777070634 56.05666571706363 12.265998536195266 327.70477318335577 1232.1856257064271 1226.6000578486064 224.6868825802498 
0.0025300000000000058 225.650093626584 -56.295993254304605 56.295991193272535 12.310096066629619 327.60919543087095 1236.619240089389 1231.0098116262661 225.6500961979805 
0.002540000000000006 226.5531758856866 -56.520283838029954 56.52028176958241 12.354365344511738 327.51958439791576 1241.0685253168988 1235.4367401515622 226.55317839703224 
0.002550000000000006 227.39623600380995 -56.72956678686502 56.7295647109784 12.398791226961258 327.4359292410717 1245.531969852713 1239.879329136206 227.3962384552499 
0.002560000000000006 228.17940154261024 -56.92387393777251 56.923871854425734 12.443358620500712 327.3582173026525 1250.0080675582064 1244.336069232199 228.17940393430752 
0.002570000000000006 228.9028181876969 -57.103241659736526 57.10323956891099 12.488052485509996 327.2864341265689 1254.4953181335422 1248.8054564772815 228.90282051983257 
0.002580000000000006 229.56664958406793 -57.26771081263091 57.26770871431053 12.532857840634675 327.22056347465724 1258.9922275543624 1253.285992735759 229.5666518568406 
0.002590000000000006 230.17107716693255 -57.4173267049347 57.417324599105854 12.577759767147022 327.16058734346745 1263.4973085038646 1257.7761861346119 230.17107938055835 
0.002600000000000006 230.71629998801222 -57.55213905031612 57.552136936967656 12.622743413258739 327.1064859814983 1268.0090807998988 1262.274551494762 230.7163021427246 
0.002610000000000006 231.20253453739696 -57.67220192310564 57.67219980222885 12.667793998384314 327.0582379068742 1272.5260718160296 1266.779610757412 231.20253663344647 
0.002620000000000006 231.63001456105056 -57.77757371268023 57.77757158426887 12.71289681735396 327.01581992545414 1277.0468168993284 1271.2898934053394 231.63001659870469 
0.002630000000000006 231.99899087404282 -57.86831707677947 57.868314940829706 12.758037244575155 326.97920714936436 1281.5698597810606 1275.803936879048 231.9989928535858 
0.002640000000000006 232.3097311696044 -57.944498893776725 57.944496750287136 12.803200738141802 326.94837301594475 1286.0937529829657 1280.3202869876852 232.309733091337 
0.002650000000000006 204.6145564998326 -51.020612489400115 51.020610341222294 12.838255177673544 -370.303489724999 1288.9066924710562 1283.8257315245164 204.61452028241243 
0.002660000000000006 170.12822749247357 -42.381758225796105 42.38175607492582 12.8630514236216 333.11851833665094 1290.522171103297 1286.3053565321802 170.0581956340504 
0.002670000000000006 170.57051962109563 -42.50826822103675 42.50826606520015 12.892721828156134 333.07463057989986 1293.5019618213194 1289.2723974796465 170.5705217809187 
0.002680000000000006 171.04370142639377 -42.62500730564366 42.625005144828776 12.922475278975725 333.0276777027716 1296.4889323932707 1292.2477430570011 171.04370354661376 
0.002690000000000006 171.47726251429762 -42.73183970237736 42.731837536573906 12.952300303238475 332.9846563095988 1299.4820694395987 1295.230245979863 171.47726459504983 
0.002700000000000006 171.87132672019885 -42.82879633678322 42.82879416598258 12.982186984641077 332.94555411244505 1302.4803844391001 1298.2189146177373 171.87132876163014 
0.0027100000000000062 172.2260295715702 -42.91591105813456 42.91590888232974 13.01212545217574 332.91035766319226 1305.4828936926613 1301.2127618696795 172.22603157383892 
0.0027200000000000063 172.54151816865036 -42.993220609609764 42.9932184287954 13.042105882958506 332.8790523653803 1308.4886186027086 1304.2108054471305 172.54152013192623 
0.0027300000000000063 172.81795106224908 -43.06076459774878 43.06076241192114 13.072118505023814 332.8516224863316 1311.4965859498902 1307.212068153372 172.81795298671307 
0.0027400000000000063 173.0554981287218 -43.11858546120215 43.1185832703591 13.102153600084733 332.82805116955785 1314.5058281659196 1310.2155781595488 173.05550001456595 
0.0027500000000000063 173.25434044218062 -43.16672843878844 43.166726242929464 13.132201506258115 332.80832044743966 1317.515383602938 1313.220369277185 173.25434228960793 
0.0027600000000000064 173.41467014399453 -43.20524153687411 43.20523933600028 13.162252620754105 332.7924112541761 1320.5242967986849 1316.2254812271356 173.41467195321886 
0.0027700000000000064 173.53669030963997 -43.23417549609044 43.2341732902044 13.19229740252939 332.7803034389969 1323.531618739179 1319.22995990491 173.53669208088584 
0.0027800000000000064 173.62061481296016 -43.25358375740245 43.25358154650844 13.222326374903515 332.7719757796315 1326.5364071168588 1322.2328576423058 173.62061654646266 
0.0027900000000000065 173.66666818789508 -43.263522427545425 43.263520211649215 13.252330128137775 332.76740599602937 1329.5377265843067 1325.2332334652945 173.66666988389974 
0.0028000000000000065 173.67508548773935 -43.2640502438427 43.26404802295162 13.282299321976039 332.7665707643257 1332.5346490059255 1328.2301533481086 173.67508714650194 
0.0028100000000000065 173.6461121419921 -43.255228538421676 43.255226312544586 13.312224688146971 332.76944573104606 1335.5262537035653 1331.2226904634597 173.64611376377846 
0.0028200000000000065 173.58000381085625 -43.237121201841674 43.23711897098896 13.342097032827143 332.77600552754325 1338.511627699667 1334.2099254288516 173.58000539594227 
0.0028300000000000066 173.47702623745298 -43.20979464615025 43.209792410333804 13.371907239064427 332.78622378466315 1341.489865956003 1337.1909465489207 173.4770277861243 
0.0028400000000000066 173.3374550978087 -43.17331776738259 43.17331552661581 13.401646269161287 332.80007314762895 1344.4600716080788 1340.1648500537622 173.33745661036062 
0.0028500000000000066 152.18853447352356 -37.88556464729779 37.88556240364737 13.424236657185382 -365.1013611922366 1346.1902535831007 1342.4238892323017 152.18849782536714 
0.0028600000000000066 124.18222166968182 -30.883787323768377 30.883785079129886 13.43716764913371 337.67764791808804 1346.783095296924 1343.716988642436 124.18222341508233 
0.0028700000000000067 124.22636937489023 -30.89319149638425 30.8931892488382 13.454603887499793 337.6732672302532 1348.5276306852113 1345.4606127693578 124.2263710994892 
0.0028800000000000067 124.24855315883356 -30.897112342505295 30.897110092055346 13.472023646840752 337.67106597807043 1350.2699698201616 1347.2025889934928 124.24855486168828 
0.0028900000000000067 124.24891166026588 -30.895575799324117 30.89557354597483 13.48942150461988 337.6710304046957 1352.0095730508258 1348.9423750610808 124.24891334152696 
0.0029000000000000067 124.22758952308924 -30.88861801329103 30.88861575704785 13.506792088884431 337.6731461574058 1353.7459068059836 1350.6794337767562 124.22759118291316 
0.0029100000000000068 124.18473730813326 -30.876276610528183 30.876274351397445 13.524130071424265 337.6773982963532 1355.4784420361973 1352.4132323194176 124.18473894668229 
0.002920000000000007 124.12051140682865 -30.85859067524942 30.85858841323833 13.541430169172473 337.6837713031313 1357.2066543524368 1354.1432423822846 124.12051302427066 
0.002930000000000007 124.03507395359826 -30.835600727859568 30.835598462976193 13.558687145582455 337.6922490894678 1358.9300241611525 1355.868940310612 124.03507555010674 
0.002940000000000007 123.92859273700525 -30.80734870274271 30.807346434995985 13.575895811981393 337.702815006042 1360.6480367972845 1357.5898072370303 123.92859431275922 
0.002950000000000007 123.80124110968845 -30.773877925747144 30.77387565514684 13.593051028899607 337.71545185142054 1362.3601826554643 1359.3053292144866 123.80124266487225 
0.002960000000000007 123.65319789712937 -30.73523309137819 30.73523081793493 13.610147707375742 337.7301418811113 1364.0659573178382 1361.01499734676 123.65319943193275 
0.002970000000000007 123.48464730528033 -30.691460239705968 30.691457963431198 13.627180810237377 337.7468668167288 1365.7648616797956 1362.7183079165247 123.48464881989813 
0.002980000000000007 123.29577882709492 -30.642606732998797 30.64260445390479 13.644145353356917 337.7656078552691 1367.456402073673 1364.4147625109385 123.29578032172716 
0.002990000000000007 123.08678714799453 -30.588721232090283 30.58871895019013 13.66103640688244 337.78634567849 1369.140090388798 1366.1038681447276 123.08678862284624 
0.003000000000000007 122.85787205031095 -30.5298536724905 30.529851387798093 13.677849096443385 337.80906046239335 1370.8154441901481 1367.7851373807534 122.85787350559207 
0.003010000000000007 122.60923831673885 -30.466055240249194 30.466052952779215 13.69457860433071 337.8337318868049 1372.4819868339537 1369.4580884480326 122.60923975266418 
0.003020000000000007 122.34109563283725 -30.397378347581377 30.397376057349298 13.711220170651488 337.86033914504924 1374.1392475804591 1371.122245357193 122.34109704962628 
0.003030000000000007 122.05365848861615 -30.323876608263937 30.323874315286 13.727769094457614 337.8888609537147 1375.7867617044476 1372.7771380133452 122.053659886493 
0.003040000000000007 121.74714607924561 -30.24560481281272 30.245602517105933 13.744220734848476 337.91927556250647 1377.4240706029893 1374.4223023263517 121.74714745843887 
0.003050000000000007 103.93944310212476 -25.79292183886257 25.792919542111356 13.754940538960426 -360.3137010722859 1378.0507278575903 1375.4942829160316 103.93940631644506 
0.003060000000000007 79.27709129773962 -19.626894211683826 19.626891915686173 13.756585739371792 342.13349352579155 1377.5985910784327 1375.6588029845607 79.27709290179831 
0.003070000000000007 79.16466878882433 -19.597111954369375 19.597109657407376 13.76240170999597 342.14464898483175 1378.1772000127835 1376.2404001438144 79.1646703863021 
0.003080000000000007 79.04560564320086 -19.565669093932467 19.565666796012746 13.768179570509616 342.1564633808723 1378.751831925213 1376.8181862913802 79.04560723418258 
0.0030900000000000072 78.91998505974999 -19.532586427632463 19.53258412876191 13.773917732828666 342.1689284582559 1379.3223300898715 1377.392002618826 78.91998664432201 
0.0031000000000000073 78.787891769116 -19.497885135829023 19.49788283601479 13.77961463181367 342.1820358093314 1379.8885401136536 1377.9616926121798 78.78789334736614 
0.0031100000000000073 78.64941199687662 -19.461586772774357 19.46158447202384 13.785268725615227 342.19577687810863 1380.4503099696292 1378.5271020864764 78.64941356889412 
0.0031200000000000073 78.50463342648071 -19.42371325734723 19.42371095566808 13.790878496009798 342.2101429639355 1381.007490030187 1379.0880792193364 78.50463499235623 
0.0031300000000000073 78.35364516196641 -19.38428686373215 19.38428456113226 13.79644244872581 342.22512522519776 1381.5599330981956 1379.6444745835774 78.35364672179193 
0.0031400000000000074 78.19653769047312 -19.343330212046848 19.343327908534356 13.801959113760105 342.240714683039 1382.1074944379786 1380.1961411788595 78.19653924434195 
0.0031500000000000074 78.03340284456173 -19.300866258921882 19.30086395450516 13.807427045684584 342.25690222509934 1382.650031804946 1380.7429344623486 78.03340439256843 
0.0031600000000000074 77.86433376435423 -19.256918288034974 19.25691598272263 13.812844823943102 342.273678609272 1383.1874054744765 1381.2847123784065 77.86433530659461 
0.0031700000000000074 77.68942485950707 -19.211509900603716 19.211507594404583 13.818211053138546 342.29103446747695 1383.7194782695215 1381.8213353872989 77.68942639607815 
0.0031800000000000075 77.50877177103163 -19.164665005840114 19.164662698763255 13.823524363310057 342.30896030944933 1384.246115587251 1382.3526664929163 77.50877330203159 
0.0031900000000000075 77.32247133297435 -19.11640781136987 19.116405503424563 13.828783410200407 342.3274465265421 1384.7671854252003 1382.8785712695144 77.32247285850246 
0.0032000000000000075 77.13062153396969 -19.066762813619917 19.066760504815655 13.83398687551348 342.3464833955402 1385.2825584058535 1383.3989178874594 77.13062305412633 
0.0032100000000000076 76.93332147867854 -19.015754788177226 19.015752478523712 13.839133467161867 342.366061082488 1385.7921078003064 1383.9135771379888 76.93332299356513 
0.0032200000000000076 76.73067134912573 -18.963408780122425 18.963406469629575 13.844221919504534 342.38616964652476 1386.295709551286 1384.4224224569787 76.7306728588447 
0.0032300000000000076 76.52277236594966 -18.909750094341238 18.909747783019167 13.849250993574573 342.4067990437309 1386.7932422948938 1384.9253299477168 76.52277387060438 
0.0032400000000000076 76.30972674957557 -18.854804285817014 18.854801973676036 13.85421947729702 342.42793913097915 1387.2845873813515 1385.422178402687 76.30972824927035 
0.0032500000000000077 65.59644727804445 -16.175335754685726 16.17533344269759 13.855982145866125 -356.5090028537573 1387.1928821549775 1385.5984452889456 65.59641058385762 
0.0032600000000000077 48.00148255229242 -11.77576918365163 11.775766873320586 13.850439423658072 345.2369091645475 1386.1986258554796 1385.0441729758538 48.001484216792406 
0.0032700000000000077 47.94031257058458 -11.758771445860214 11.758769135881655 13.848341477796641 345.24297893858125 1385.987134836603 1384.8343783547803 47.94031423803609 
0.0032800000000000077 47.88208887602269 -11.742510366129858 11.742508056505953 13.846229790215833 345.24875635847803 1385.7743433405456 1384.6232095615396 47.882090546426106 
0.0032900000000000078 47.82681275229726 -11.726986268384042 11.726983959116831 13.84410511074491 345.25424129685973 1385.5603263813755 1384.4107415790713 47.826814425652046 
0.003300000000000008 47.77448454174276 -11.712199241161457 11.712196932252859 13.841968188424593 345.2594337197572 1385.345158870792 1384.19704931146 47.77448621804743 
0.003310000000000008 47.725103651381914 -11.698149139126452 11.698146830578258 13.839819771275119 345.26433368601045 1385.1289155950126 1383.9822075607415 47.72510533063407 
0.003320000000000008 47.67866855922657 -11.684835584643642 11.684833276457523 13.837660606066162 345.2689413466432 1384.9116711920221 1383.7662910038953 47.678670241422886 
0.003330000000000008 47.63517682083111 -11.672257969415657 11.672255661593157 13.835491438088624 345.2732569442129 1384.693500128833 1383.5493741700252 47.63517850596735 
0.003340000000000008 47.59462507609497 -11.660415456183191 11.66041314872573 13.83331301092843 345.2772808121356 1384.4744766790516 1383.331531417735 47.59462676416601 
0.003350000000000008 47.55700905631106 -11.649306980486532 11.649304673395408 13.831126066242291 345.2810133739864 1384.254674900691 1383.1128369127082 47.557010747310855 
0.003360000000000008 47.522323591455205 -11.638931252487426 11.638928945763812 13.828931343535558 345.2844551427765 1384.034168614021 1382.893364605493 47.52232528537684 
0.003370000000000008 47.49056261771339 -11.629286758850299 11.629284452495247 13.82672957994224 345.28760672020593 1383.813031379932 1382.6731882095014 47.490564314549054 
0.003380000000000008 47.46171918524264 -11.620371764682043 11.620369458696482 13.824521510007184 345.2904687958935 1383.5913364781575 1382.4523811792312 47.46172088498367 
0.003390000000000008 47.43578546616183 -11.612184315529184 11.612182009913923 13.822307865470476 345.2930421465842 1383.3691568860286 1382.2310166887034 47.435787168798676 
0.003400000000000008 47.41275276276764 -11.604722239431439 11.604719934187164 13.820089375054192 345.29532763533354 1383.1465652573186 1382.0091676101372 47.412754468289926 
0.003410000000000008 47.392611515973286 -11.597983149030924 11.5979808441582 13.817866764251463 345.2973262106704 1382.9236339014067 1381.7869064928577 47.39261322436976 
0.003420000000000008 47.37535131396324 -11.591964443735433 11.591962139234708 13.815640755117936 345.29903890573837 1382.700434762548 1381.5643055424423 47.37535302522182 
0.003430000000000008 47.360960901062356 -11.586663311935304 11.586661007806905 13.81341206606571 345.30046683741546 1382.477039399605 1381.3414366001118 47.36096261517013 
0.003440000000000008 47.34942818681385 -11.58207673327252 11.582074429516656 13.811181411659748 345.3016112054131 1382.2535189657815 1381.118371122375 47.34942990375712 
0.003450000000000008 40.34211187715776 -9.82890446574036 9.828902162983589 13.806940092949468 -354.00306603675097 1381.654062314924 1380.694239180729 40.342075386717234 
0.003460000000000008 26.4346766480836 -6.351029560028574 6.351027259578256 13.7965793730563 347.37693985958157 1380.2701910834767 1379.6581670189064 26.434678501446424 
0.0034700000000000082 26.556642383432848 -6.37980340763422 6.37980110841084 13.789188844065187 347.3648374454109 1379.5340280767607 1378.9191139967425 26.55664424528024 
0.0034800000000000083 26.687165459589654 -6.410717139684036 6.410714841680669 13.781837730157976 347.35188590355415 1378.8020205192768 1378.184002483625 26.68716732982429 
0.0034900000000000083 26.826150745671093 -6.44374697723231 6.44374468044169 13.774528092111904 347.33809467365694 1378.0743721072201 1377.453038557312 26.82615262419364 
0.0035000000000000083 26.973501054105906 -6.478868626963631 6.478866331378158 13.767261964107561 347.32347339944624 1377.3512838257473 1376.726425635897 26.97350294081504 
0.0035100000000000083 27.129117184838012 -6.516057292243927 6.5160549978556705 13.76004135325888 347.30803192434394 1376.6329539030387 1376.0043644308053 27.129119079630488 
0.0035200000000000084 27.292897969878226 -6.555287684258636 6.55528539105934 13.752868239154726 347.2917802870454 1375.9195777656068 1375.2870529009574 27.292899872648917 
0.0035300000000000084 27.464740318187946 -6.596534033233876 6.596531741214963 13.745744573412248 347.2747287170668 1375.2113479947245 1374.5746862081007 27.464742228829884 
0.0035400000000000084 27.64453926087783 -6.639770099736485 6.6397678088890615 13.73867227924196 347.2568876302596 1374.5084542841194 1373.867456673318 27.644541179282257 
0.0035500000000000084 27.832187996705464 -6.684969186048818 6.684966896363679 13.731653251024667 347.2382676242959 1373.8110833987198 1373.1655537347217 27.83218992276186 
0.0035600000000000085 28.02757793785576 -6.732104147614338 6.732101859081973 13.724689353900303 347.21887947412574 1373.1194191347133 1372.4691639063365 28.027579871451927 
0.0035700000000000085 28.23059875598792 -6.781147404549836 6.781145117160432 13.71778242336868 347.19873412740793 1372.4336422808688 1371.7784707381736 28.23060069700998 
0.0035800000000000085 28.441138428531342 -6.832070953220027 6.832068666963476 13.710934264902251 347.1778426999167 1371.7539305807788 1371.0936547775088 28.441140376863835 
0.0035900000000000085 28.6590832852167 -6.884846377870927 6.884844092736829 13.704146653570893 347.1562164709237 1371.080458696713 1370.4148935313592 28.659085240742584 
0.0036000000000000086 28.884318054822856 -6.939444862317295 6.9394425782949645 13.697421333678776 347.13386687856 1370.4133981743291 1369.7423614301704 28.884320017423587 
0.0036100000000000086 29.116725912126316 -6.995837201680731 6.9958349187592015 13.69076001841333 347.11080551515715 1369.752917408783 1369.076229792715 29.116727881681893 
0.0036200000000000086 29.356188525034778 -7.053993814173892 7.053991532341922 13.684164389506392 347.0870441225701 1369.0991816120525 1368.416666792204 29.356190501423754 
0.0036300000000000087 29.602586101890004 -7.113884752927043 7.113882472173121 13.67763609690745 347.062594587484 1368.4523527814144 1367.7638374236137 29.6025880849896 
0.0036400000000000087 29.855797438923446 -7.175479717852906 7.175477438165257 13.671176758469178 347.0374689367043 1367.8125896691536 1367.1179034722386 29.855799428609533 
0.0036500000000000087 26.61554316397256 -6.363889533881616 6.363887255554288 13.663826362836248 -352.6410062809307 1366.9963965332342 1366.3828637865608 26.615507624489958 
0.0036600000000000087 16.448830735511333 -3.8210221485472715 3.821019872660384 13.651726600724668 348.36781522905915 1365.5321325018285 1365.1728873739419 16.448832825170445 
0.0036700000000000088 16.805062224461935 -3.908364189280737 3.908361914992914 13.642044702456058 348.33246709617947 1364.572693677838 1364.204697385877 16.805064324124523 
0.003680000000000009 17.171447014016668 -3.998245417672659 3.9982431449666773 13.632463608230573 348.29611147173875 1363.6235890307348 1363.246587803803 17.171449123500185 
0.003690000000000009 17.54780488789387 -4.09062078076601 4.090618509624259 13.622985683427407 348.25876623823535 1362.685050588831 1362.2987951656792 17.547807007013866 
0.003700000000000009 17.933953651007073 -4.185444730624028 4.1854424610285195 13.613613245311189 348.22044947452065 1361.7573055195785 1361.361551198006 17.93395577957724 
0.003710000000000009 18.32970920006594 -4.282671241982022 4.282668973914395 13.60434856261302 348.1811794487933 1360.8405760894127 1360.4350827739318 18.329711337898203 
0.003720000000000009 18.73488559431994 -4.382253829934909 4.3822515633764425 13.595193855129551 348.1409746115792 1359.9350796254246 1359.519611873159 18.734887741224526 
0.003730000000000009 19.14929512642108 -4.484145567654618 4.484143302586237 13.586151293340238 348.0998535887003 1359.0410284788938 1358.6153555436692 19.149297282206568 
0.003740000000000009 19.572748393382703 -4.588299104131572 4.588296840533856 13.57722299804266 348.0578351742334 1358.1586299905593 1357.7225258652547 19.572750557856118 
0.003750000000000009 20.00505436761119 -4.694666681934473 4.694664419787662 13.568411040005968 348.01493832346176 1357.2880864577505 1356.8413299148663 20.005056540578078 
0.003760000000000009 20.446020467987704 -4.803200154982676 4.803197894266684 13.559717439642405 347.9711821458215 1356.4295951033446 1355.9719697337614 20.446022649252175 
0.003770000000000009 20.89545263097698 -4.913851006325374 4.913848747019794 13.551144166696968 347.92658589784656 1355.5833480464753 1355.114642296473 20.895454820341808 
0.003780000000000009 21.35315538174052 -5.026570365922003 5.026568108006116 13.542693139955073 347.881168976111 1354.7495322750617 1354.2695394815737 21.353157579007203 
0.003790000000000009 21.81893190523206 -5.141309028418224 5.141306771871008 13.534366226968299 347.8349509101756 1353.928329620239 1353.4368480442527 21.81893411020089 
0.003800000000000009 22.29258411725207 -5.258017470911792 5.25801521571193 13.526165243798133 347.78795135553617 1353.1199167324312 1352.6167495906898 22.292586329722198 
0.003810000000000009 22.773912735439907 -5.3766458707028555 5.376643616828747 13.518091954777665 347.7401900865798 1352.3244650593317 1351.8094205542227 22.77391495520943 
0.003820000000000009 23.262717350181106 -5.4971441230231335 5.497141870452899 13.51014807229126 347.69168698954877 1351.542140825655 1351.015032173316 23.262719577047132 
0.003830000000000009 23.75879649540801 -5.619461858738501 5.6194596074499925 13.502335256572064 347.6424620555152 1350.77310501461 1350.233750471313 23.75879872916672 
0.003840000000000009 24.261947719272122 -5.743548462019537 5.743546211990348 13.494655115517373 347.59253537336764 1350.017513351263 1349.4657362379694 24.261949959718844 
0.0038500000000000092 21.27178555246114 -4.994483384028844 4.994481135535108 13.486190960282638 -352.11075598024877 1349.0962415564418 1348.6193205735678 21.27175026430759 
0.0038600000000000093 11.35520723853415 -2.5141615467477996 2.514159300859184 13.473040972574195 348.8732452255498 1347.5331693627172 1347.3043215837758 11.355209578810417 
0.0038700000000000093 11.96156333481162 -2.6640421629141637 2.664039918785862 13.46232901882916 348.81307773185983 1346.4769810790817 1346.2331260309184 11.961565684955092 
0.0038800000000000093 12.578011544831421 -2.8164469162751353 2.8164446738793507 13.451781323855458 348.7519088180577 1345.4374708346375 1345.1783563579286 12.578013904581143 
0.0038900000000000093 13.204292902616148 -2.971311062453015 2.971308821761585 13.441400144251046 348.6897641808156 1344.414857810468 1344.1402382246406 13.204295271709837 
0.0039000000000000094 13.840147022368825 -3.1285695017861266 3.128567262770536 13.431187669160206 348.62666965769165 1343.4093544068571 1343.1189905455185 13.84014940054295 
0.003910000000000009 14.485312190169118 -3.2881568022560406 3.28815456488743 13.421146020021494 348.5626512180306 1342.4211662203998 1342.114825464454 14.485314577158995 
0.0039200000000000085 15.139525455490821 -3.450007222370203 3.450004986619383 13.411277250338784 348.4977349538835 1341.4504920233526 1341.1279483318679 15.139527851030705 
0.003930000000000008 15.802522722512565 -3.6140547339929237 3.6140524998303842 13.401583345475323 348.43194707094653 1340.4975237453991 1340.1585576841178 15.802525126335741 
0.003940000000000008 16.47403884119405 -3.780233045117865 3.7802308125137873 13.392066222470651 348.365313879524 1339.562446457558 1339.2068452251906 16.474041253032922 
0.003950000000000007 17.15380769809089 -3.948475622575227 3.9484733914994967 13.382727729880408 348.29786178551666 1338.6454383584635 1338.2729958106797 17.153810117677075 
0.003960000000000007 17.84156230688086 -4.118715714666886 4.118713485089101 13.3735696476388 348.2296172814395 1337.7466707628382 1337.3571874340373 17.84156473394527 
0.0039700000000000065 18.537034898574518 -4.290886373722678 4.290884145612164 13.364593686943735 348.1606069374697 1336.86630809231 1336.4595912150805 18.53703733284746 
0.003980000000000006 19.239957011384366 -4.464920478571406 4.464918251897226 13.355801490164449 348.09085739252953 1336.0045078684238 1335.580371390762 19.239959452595627 
0.003990000000000006 19.950059580225503 -4.640750756919782 4.640748531650747 13.347194630771499 348.0203953454053 1335.161420707805 1334.7196853081625 19.950062028104444 
0.004000000000000005 20.667073025822578 -4.818309807633014 4.818307583737697 13.338774613289061 347.94924754590505 1334.3371903197146 1333.8776834197256 20.667075480098212 
0.004010000000000005 21.39072734339692 -4.997530122910527 4.997527900357271 13.33054287326934 347.8774407860594 1333.5319535056315 1333.054509280695 21.390729803798006 
0.0040200000000000045 22.12075219090886 -5.178344110350496 5.178341889107429 13.32250077728896 347.80500189136393 1332.7458401611723 1332.2502995487555 22.12075465716399 
0.004030000000000004 22.856876976829874 -5.360684114896972 5.360681894932016 13.314649622967249 347.7319577120709 1331.9789732800252 1331.4651839858627 22.856879448667552 
0.004040000000000004 23.598830947420193 -5.544482440663365 5.54448022194425 13.306990639006218 347.6583351145282 1331.2314689602204 1330.6992854622372 23.598833424568948 
0.004050000000000003 20.846160647896305 -4.854801582665476 4.8547993654585895 13.298606445138779 -352.0685220785581 1330.3241318464309 1329.860865935896 20.846125594996714 
0.004060000000000003 11.165697241881093 -2.433519803717236 2.4335175890825207 13.285595108015148 348.89204992067505 1328.7808292176153 1328.5597320068946 11.165699815909317 
0.0040700000000000024 12.006726810772838 -2.6420803275566627 2.642078114639613 13.275080361529609 348.80859625113976 1327.7502298117963 1327.50825718327 12.00672939309618 
0.004080000000000002 12.856340941939072 -2.852788259288268 2.852786048051514 13.26478769172106 348.7242907527871 1326.74205246369 1326.4789900310413 12.856343532233343 
0.004090000000000002 13.714216721221074 -3.0655628627903884 3.0655606531962736 13.254718896581458 348.6391654677382 1325.7564688952334 1325.472110349436 13.714219319161689 
0.004100000000000001 14.580409349868887 -3.2804129658414074 3.280410757853141 13.244868276793888 348.5532149184843 1324.7929598457774 1324.487048206666 14.580411955755785 
0.004110000000000001 15.454340379006268 -3.4972040158207536 3.4972018094005666 13.235242843016268 348.46649650334183 1323.8521122245345 1323.5245046686402 15.454342991884383 
0.00412 16.335559494860338 -3.715818323600315 3.7158161187097667 13.22584623489607 348.37905490603936 1322.9343291221853 1322.5848437001666 16.335562114404347 
0.00413 17.223742264366194 -3.9361747719224316 3.9361725685228492 13.216679923052624 348.2909223194159 1322.039749486222 1321.6682123632029 17.22374489025078 
0.00414 18.118564170260345 -4.158192222152242 4.158190020204735 13.207745295603067 348.2021309446659 1321.168504011941 1320.7747494694856 18.118566802160316 
0.004149999999999999 19.019700714346307 -4.381789540099176 4.381787339564651 13.19904365826204 348.11271298109136 1320.3207151549368 1319.9045855905006 19.01970335193669 
0.004159999999999999 19.92682752007957 -4.6068856216683445 4.606883422507516 13.19057623446687 348.0227006159234 1319.496497146257 1319.0578430700007 19.92683016303571 
0.004169999999999998 20.839620434443464 -4.833399418334746 4.833397220508153 13.18234416552794 347.93212601421254 1318.695956009928 1318.2346360390436 20.839623082441136 
0.004179999999999998 21.75775562908879 -5.061249962433452 5.061247765901469 13.174348510804073 347.84102130879353 1317.9191895830243 1317.435070433529 21.757758281804282 
0.0041899999999999975 22.68090970070971 -5.290356392258938 5.290354196981792 13.166590247902734 347.7494185903247 1317.1662875382488 1316.6592440142201 22.68091235781992 
0.004199999999999997 23.608759770629195 -5.520637976966867 5.520635782904648 13.15907027290478 347.6573498974067 1316.4373314088439 1315.9072463892169 23.608762431811773 
0.004209999999999997 24.540983583568032 -5.752014141271784 5.752011948384459 13.151789400613552 347.5648472067815 1315.7323946160093 1315.1791590388675 24.540986248501415 
0.004219999999999996 25.477259605570556 -5.984404489934116 5.9844022981815455 13.14474836482806 347.4719424236157 1315.051542498639 1314.4750553430852 25.47726227393411 
0.004229999999999996 26.417267121062665 -6.217728832030228 6.217726641372174 13.13794781864003 347.3786673718695 1314.394832345444 1313.7950006110523 26.417269792536754 
0.0042399999999999955 27.36068632901644 -6.451907204999218 6.451905015395362 13.131388334754533 347.2850537847545 1313.7623134295034 1313.139052113288 27.360689003282534 
0.004249999999999995 24.806961489225422 -5.811984101359241 5.811981913067951 13.124152764767272 -352.46154436544697 1312.9747739652007 1312.4154949940892 24.806926629937692 
0.004259999999999995 18.809534118639114 -4.311291457328984 4.311289270996033 13.113903304703706 348.1335673889199 1311.7997706621234 1311.390548817079 18.809536863106448 
0.004269999999999994 19.823923842770853 -4.563208433134044 4.563206248161184 13.105490688903792 348.03291154048264 1310.9837155409598 1310.5492870970172 19.823926591927577 
0.004279999999999994 20.84333331072197 -4.816381607349095 4.816379423692479 13.097339913895883 347.9317575929805 1310.1939696896661 1309.7342094605158 20.843336064214647 
0.0042899999999999935 21.86740917154954 -5.070722629537456 5.070720447153105 13.089451840242274 347.8301406087155 1309.4306103277377 1308.945401963818 21.867411929025668 
0.004299999999999993 22.895798906192457 -5.326143356922412 5.326141175766235 13.081827239732538 347.7280955674438 1308.693705818255 1308.1829417858949 22.895801667300578 
0.004309999999999993 23.928150933614393 -5.582555880929121 5.582553700956928 13.074466795719303 347.6256573558432 1307.9833157042056 1307.4468972620202 23.92815369800419 
0.004319999999999992 24.964114715955954 -5.839872553478847 5.839870374646363 13.067371103479852 347.52286075707934 1307.2994907472653 1306.7373279199312 24.964117483278372 
0.004329999999999992 26.00334086266967 -6.098006013028974 6.098003835291853 13.060540670603169 347.419740440472 1306.6422729689868 1306.0542845185364 26.003343632576993 
0.0043399999999999914 27.04548123361172 -6.356869210352224 6.356867033666065 13.053975917402314 347.3163309512664 1306.0116956948136 1305.3978090891476 27.04548400575769 
0.004349999999999991 28.090189041063617 -6.616375434048458 6.616373258368819 13.047677177351604 347.2126667005091 1305.4077836001875 1304.7679349792027 28.090191815103523 
0.004359999999999991 29.13711895065974 -6.876438335782958 6.87643616106537 13.041644697548541 347.1087819550333 1304.830552759325 1304.1646868984556 29.137121726250534 
0.00436999999999999 30.185927181195215 -7.136971955244837 7.136969781444819 13.035878639200005 347.0047108275553 1304.2800106963298 1303.5880809675966 30.185929957995587 
0.00437999999999999 31.236271603289868 -7.397890744819533 7.397888571892605 13.030379078132423 346.90048726688406 1303.7561564386722 1303.0381247692706 31.23627438096036 
0.004389999999999989 32.287811836884906 -7.659109593969492 7.659107421871191 13.025146005325697 346.7961450482472 1303.2589805730347 1302.5148174014676 32.287814615087996 
0.004399999999999989 33.34020934754853 -7.920543853317162 7.920541682003053 13.020179327470482 346.6917177637341 1302.7884653033893 1302.0181495332506 33.340212125948746 
0.004409999999999989 34.39312754156827 -8.182109358424663 8.182107187850356 13.01547886754844 346.5872388128606 1302.3445845115177 1301.5481034627837 34.39313031983226 
0.004419999999999988 35.446231859807945 -8.443722453264677 8.443720283385836 13.011044365435295 346.48274139325594 1301.9273038194658 1301.1046531776346 35.446234637604576 
0.004429999999999988 36.499189870306644 -8.70530001337684 8.705297844149205 13.006875478526164 346.3782584914736 1301.536580654674 1300.6877644173092 36.4991926473071 
0.004439999999999987 37.551671359600356 -8.966759468704865 8.966757300084257 13.002971782382975 346.2738228739302 1301.1723643166772 1300.2973947379942 37.55167413547821 
0.004449999999999987 35.10309489609118 -8.353138882457898 8.353136714698996 12.998415118997858 -353.4832089377868 1300.6553414183466 1299.8417283236138 35.103060134494264 
0.0044599999999999865 29.206877745666716 -6.87776412686489 6.877761960609967 12.990866542135624 347.10185993036134 1299.7529538386036 1299.0868705117066 29.206880583898656 
0.004469999999999986 30.31861617180777 -7.154033517671999 7.154031352319422 12.985176090881492 346.99154436637116 1299.2115459894264 1298.5178252915475 30.31861901079854 
0.004479999999999986 31.431457424725636 -7.430579778400994 7.430577613903723 12.979767612485343 346.88111937110193 1298.698362647316 1297.976977361881 31.431460264119035 
0.004489999999999985 32.54504417465029 -7.707313559805406 7.707311396116437 12.974640967976718 346.77062040166686 1298.2133809802147 1297.4643128256596 32.54504701409232 
0.004499999999999985 33.65902119072493 -7.9841460371160915 7.984143874188476 12.969795930087857 346.660082706908 1297.7565693789388 1296.9798089561034 33.65902402986386 
0.0045099999999999845 34.77303543972817 -8.260988934728871 8.260986772515725 12.965232183902593 346.54954131760064 1297.3278875245642 1296.5234342615909 34.773038278214685 
0.004519999999999984 35.88673618345533 -8.537754550556858 8.53775238901138 12.960949327528757 346.43903103679025 1296.927286458039 1296.0951485528976 35.8867390209426 
0.004529999999999984 36.99977507473676 -8.814355780042199 8.814353619117684 12.956946872793685 346.3285864302644 1296.5547086521358 1295.6949030127496 36.999777910880546 
0.004539999999999983 38.111806252072846 -9.090706139821886 9.090703979471739 12.95322424596252 346.21824181716295 1296.2100880857092 1295.3226402676512 38.111809086531565 
0.004549999999999983 39.22248643286268 -9.366719791042124 9.366717631219874 12.949780788478899 346.10803126072665 1295.8933503200437 1294.9782944619556 39.222489265297526 
0.0045599999999999825 40.33147500520812 -9.642311562316495 9.642309402975807 12.946615757727644 345.99798855918795 1295.60441257742 1294.6617913341322 40.33147783528313 
0.004569999999999982 41.43843411827234 -9.917396972322784 9.917394813417477 12.943728327819068 345.88814723680446 1295.34318382183 1294.373048295199 41.4384369456545 
0.004579999999999982 42.54302877117433 -10.191892252033815 10.191890093517873 12.94111759039453 345.7785405350388 1295.1095648417222 1294.111974509276 42.543031595533655 
0.004589999999999981 43.64492690039976 -10.465714366577387 10.465712208404973 12.93878255545281 345.66920140388424 1294.9034483348519 1293.878470976226 43.644929721409376 
0.004599999999999981 44.743799465712065 -10.738781036721257 10.738778878846725 12.936722152196946 345.5601624933408 1294.724718995111 1293.6724306163337 44.74380228304828 
0.00460999999999998 45.83932053454395 -11.011010759978298 11.011008602356208 12.93493522990108 345.4514561450401 1294.573253601291 1293.4937383569952 45.83932334788637 
0.00461999999999998 46.93116736485525 -11.282322831328162 11.282320673913294 12.933420558796987 345.34311438402455 1294.448921107816 1293.3422712213664 46.93117017388682 
0.00462999999999998 48.019020486437995 -11.552637363550852 11.552635206298214 12.932176830979792 345.23516891067925 1294.3515827374158 1293.2178984189384 48.019023290845105 
0.004639999999999979 49.10256378065584 -11.8218753071688 11.821873150033646 12.931202661332495 345.1276510928195 1294.2810920754125 1293.120481437989 49.10256658012839 
0.004649999999999979 43.18283120785824 -10.34065346619639 10.340651309739092 12.928616755005947 -354.2849448921864 1293.8743786081145 1292.861890762279 43.182795791940656 
0.004659999999999978 33.84356402514386 -8.004701934657323 8.004699779756109 12.921616164422124 346.6417708932829 1292.9407282072902 1292.1618315873368 33.84356692305811 
0.004669999999999978 35.01666844212899 -8.296320518692783 8.296318364488448 12.917143194820296 346.5253661056673 1292.5226014788734 1291.7145345526787 35.016671338943034 
0.004679999999999978 36.189027780007585 -8.587753964753206 8.587751811196549 12.91296561740762 346.40903525075004 1292.1339949660387 1291.2967767418545 36.18903067535904 
0.004689999999999977 37.36027794501977 -8.8789112304141 8.878909077456038 12.909082815927018 346.2928144568215 1291.7748379396446 1290.9084965291454 37.36028083854909 
0.004699999999999977 38.530057573552284 -9.169701955561575 9.169699803153156 12.905494084846426 346.1767395812649 1291.4450508112789 1290.5496233613337 38.530060464902846 
0.004709999999999976 39.698008128677394 -9.460036486534587 9.460034334627013 12.902198630165467 346.0608462009771 1291.1445452165658 1290.2200778383685 39.69801101749558 
0.004719999999999976 40.86377399516526 -9.749825899885632 9.74982374843026 12.899195570244864 345.94516960294084 1290.8732241004318 1289.9197717963073 40.86377688110058 
0.0047299999999999755 42.027002572951695 -10.038982025755274 10.038979874703639 12.896483936658107 345.8297447749501 1290.6309818044817 1289.6486083924829 42.027005455656855 
0.004739999999999975 43.187344369040574 -10.327417470855348 10.327415320159174 12.894062675065088 345.7146063964906 1290.4177041568807 1289.4064821928669 43.18734724817156 
0.004749999999999975 44.34445308782161 -10.615045641056048 10.615043490667267 12.8919306461072 345.599788829778 1290.2332685639794 1289.1932792615798 44.34445596303782 
0.004759999999999974 45.49798571978709 -10.90178076357273 10.90177861344349 12.8900866263235 345.48532611095476 1290.077544104047 1289.0088772525069 45.49798859075134 
0.004769999999999974 46.64760262862788 -11.18753790874754 11.18753575883022 12.888529309087495 345.3712519414473 1289.950391623428 1288.853145502977 46.64760549500656 
0.0047799999999999735 47.792967636693014 -11.472233011421963 11.47223086166919 12.887257305564141 345.2575996794868 1289.8516638341123 1288.7259451294628 47.792970498156144 
0.004789999999999973 48.93374810879601 -11.755782891896073 11.75578074226073 12.886269145686606 345.14440233179243 1289.781205413603 1288.6271291252565 48.93375096501732 
0.004799999999999973 50.06961503435263 -12.038105276470576 12.03810312690582 12.885563279152361 345.0316925454216 1289.7388531065203 1288.556542460079 50.069617885009635 
0.004809999999999972 51.2002431078342 -12.3191188175678 12.319116668027073 12.88513807643815 344.91950259978637 1289.7244358282514 1288.514022181578 51.20024595260828 
0.004819999999999972 52.32531080752301 -12.598743113428203 12.598740963865245 12.884991829833428 344.8078643988391 1289.7377747701266 1288.499397518671 52.3253136460995 
0.0048299999999999715 53.44450047255503 -12.87689872737867 12.87689657774753 12.885122754491768 344.69680946342714 1289.7786835065142 1288.5124899866848 53.44450330462326 
0.004839999999999971 54.55749837823749 -13.153507206669508 13.15350505692456 12.885528989499818 344.58636892381975 1289.8469681036195 1288.5531134942537 54.557501203490915 
0.004849999999999971 45.16888336239307 -10.805248138731994 10.805245989760348 12.883237481035328 -354.4820168457952 1289.3829873266725 1288.3239626096513 45.168847991449766 
0.00485999999999997 32.38705536505494 -7.608834513477993 7.6088323663577 12.875325754630206 346.7862973129121 1288.2721757782633 1287.532789837409 32.387058328713415 
0.00486999999999997 33.625750166977056 -7.916852528340946 7.916850381968881 12.870528277991038 346.66338412355685 1287.8232388808112 1287.0530420936138 33.625753129566064 
0.004879999999999969 34.86375079911944 -8.224698200479677 8.224696054803852 12.86604291281678 346.54053981527017 1287.4054953784491 1286.6045055015065 34.863753760255555 
0.004889999999999969 36.10067205828507 -8.532275209103538 8.532273064072083 12.861869031023167 346.4178026109891 1287.018872831433 1286.1871172526498 36.100675017587854 
0.004899999999999969 37.33613159992605 -8.83948794784346 8.839485803404646 12.858005910040033 346.2952104499928 1286.6632894229572 1285.8008050900157 37.336134557018106 
0.004909999999999968 38.56975004048323 -9.14624155034488 9.146239406447124 12.854452733657451 346.17280097774744 1286.3386540463873 1285.445487392597 38.569752994990324 
0.004919999999999968 39.80115105811988 -9.45244191545913 9.452439772051019 12.85120859289589 346.05061153591066 1286.044866394941 1285.1210732624254 39.80115400967105 
0.004929999999999967 41.02996149182802 -9.757995732028052 9.757993589058357 12.848272486900134 345.9286791524972 1285.7818170532546 1284.8274626139637 41.02996444005567 
0.004939999999999967 42.25581143888699 -10.06281050325666 10.062808360674348 12.845643323856411 345.807040532209 1285.549387591798 1284.5645462658163 42.255814383426966 
0.004949999999999967 43.47833435065356 -10.366794570668732 10.36679242842298 12.84331992193231 345.6857320469292 1285.3474506631314 1284.3322060347214 43.47833729114526 
0.004959999999999966 44.6971671266647 -10.669857137640545 10.669854995680762 12.841301010239034 345.56478972638524 1285.1758701005103 1284.130314831779 44.69717006275115 
0.004969999999999966 45.91195020703394 -10.971908292508031 10.971906150783862 12.839585229815631 345.44424924898 1285.0345010186036 1283.9587367608708 45.911953138361895 
0.004979999999999965 47.12232766312356 -11.272859031242909 11.27285688970426 12.838171134634564 345.3241459327953 1284.923189916377 1283.8173272192194 47.12233058934359 
0.004989999999999965 48.327947286474576 -11.572621279693234 11.572619138290277 12.837057192628341 345.20451472676655 1284.841774781916 1283.70593300005 48.327950207241145 
0.0049999999999999645 49.528460675978415 -11.871107915384426 11.871105774067617 12.836241786736657 345.085390202034 1284.7900851992886 1283.624392397305 49.52846359094998 
