0.005009999999999964 50.72352332327379 -12.168232788876521 12.168230647596618 12.835723215973564 344.96680654346824 1284.7679424575226 1283.5725353123617 50.72352623211287 
0.005019999999999964 51.91279469635339 -12.463910744673939 12.463908603382006 12.835499696514274 344.8487975413739 1284.7751596612363 1283.550183362711 51.91279759872665 
0.005029999999999963 53.09593832136596 -12.75805764168404 12.758055500331471 12.835569362801056 344.7313965833736 1284.8115418433997 1283.557149992549 53.095941216944276 
0.005039999999999963 54.27262186259902 -13.050590373220906 13.050588231759429 12.835930268667783 344.6146366464705 1284.8768860796224 1283.593240585231 54.27262475105756 
0.0050499999999999625 41.452950119409415 -9.84474546283476 9.844743322490764 12.832431275140971 -354.11329227730766 1284.2063973561112 1283.2433411742916 41.452914832628935 
0.005059999999999962 25.26405597484848 -5.796740724979401 5.796738587000061 12.822291308607923 347.4930981903094 1282.7876035368581 1282.229344352156 25.264059044758188 
0.005069999999999962 26.607282214349336 -6.130889737552925 6.130887600603687 12.815776432397307 347.359812557023 1282.1695427112727 1281.5778566226215 26.60728528472816 
0.005079999999999961 27.951391113251102 -6.465260797877989 6.465258661902065 12.80960206728921 347.2264393392227 1281.5855546379203 1280.9604200090087 27.951394183671432 
0.005089999999999961 29.295953579659272 -6.799746612362123 6.799744477302788 12.803767934227732 347.09302111483265 1281.0356006819497 1280.3770066057223 29.295956649696283 
0.0050999999999999605 30.64054318190582 -7.134240552175124 7.134238417975738 12.798273648290989 346.9596001978081 1280.5196316885588 1279.8275779205683 30.640546251137586 
0.00510999999999996 31.984736266139564 -7.4686366826551795 7.4686345492592 12.79311871950468 346.826218626467 1280.037588067333 1279.3120849561076 31.98473933414715 
0.00511999999999996 33.328112072269086 -7.802829792303195 7.802827659654195 12.78830255368363 346.6929181519854 1279.5893998792155 1278.8304682938133 33.3281151386367 
0.005129999999999959 34.67025284823223 -8.136715421358748 8.136713289400436 12.7838244533008 346.5597402270587 1279.1749869263358 1278.3826581809697 34.670255912547304 
0.005139999999999959 36.010743962566984 -8.470189889951472 8.470187758627707 12.77968361838332 346.42672599473156 1278.7942588444585 1277.968574620277 36.0107470244203 
0.005149999999999958 37.34917401525835 -8.803150325821438 8.803148195076245 12.775879147435107 346.2939162773985 1278.4471151978034 1277.588127462111 37.349177074244146 
0.005159999999999958 38.68513494683927 -9.135494691603043 9.135492561380634 12.772410038385587 346.1613515659782 1278.133445576939 1277.241216499398 38.68513800255534 
0.005169999999999958 40.01822214571998 -9.46712181166608 9.467119681910864 12.769275189564041 346.0290720092634 1277.8531296987207 1276.9277315650488 40.01822519776776 
0.005179999999999957 41.34803455372586 -9.797931398508949 9.797929269165552 12.766473400699127 345.8971174034488 1277.60603750894 1276.6475526319073 41.34803760171059 
0.005189999999999957 42.674174769820354 -10.127824078698051 10.127821949711336 12.76400337394305 345.7655271818386 1277.39202928724 1276.4005499151735 42.67417781335109 
0.005199999999999956 43.99624915199262 -10.456701418348532 10.456699289663606 12.761863714919961 345.634340404736 1277.2109557546669 1276.1865839772393 43.99625219068243 
0.005209999999999956 45.31386791728997 -10.784465948141094 10.78446381970333 12.760052933798036 345.5035957495186 1277.0626581832032 1276.0055058348971 45.313870950755955 
0.005219999999999956 46.626645239974984 -11.111021187870058 11.11101905962511 12.758569446384753 345.3733315008965 1276.946968507938 1275.857157068869 46.62664826783839 
0.005229999999999955 47.93419934778822 -11.43627167051782 11.436269542411639 12.757411575244925 345.2435855413619 1276.8637094410585 1275.7413699356075 47.93420236967457 
0.005239999999999955 49.23615261630005 -11.76012296585156 11.760120837830401 12.756577550840877 345.11439534182597 1276.812694588408 1275.657967481316 49.23615563183919 
0.005249999999999954 33.05011607906428 -7.712863353087988 7.712861226729018 12.750651720352138 -353.2794959863091 1275.8153819142397 1275.065384333777 33.050080941468444 
0.005259999999999954 13.516154240897015 -2.8287658999883982 2.828763776676487 12.737253406674409 348.6588188085857 1273.9871467185847 1273.7255527429218 13.516157483006632 
0.0052699999999999535 15.028717164921208 -3.2052458596521918 3.2052437378325527 12.727923127868698 348.5087302372897 1273.0917835285493 1272.7925247070018 15.028720410033698 
0.005279999999999953 16.544758626555915 -3.5825971354433768 3.582595015051438 12.71897941499544 348.3582964977154 1272.2351634265103 1271.8981532707628 16.544761874171783 
0.005289999999999953 18.063778151932357 -3.9606945872864667 3.9606924682576277 12.710422564612681 348.20756725087654 1271.4173035533595 1271.042468090015 18.063781401554586 
0.005299999999999952 19.58527759478868 -4.339413656625686 4.339411538895338 12.7022527488919 348.0565919268229 1270.638208669685 1270.2254863819096 19.585280845922856 
0.005309999999999952 21.10876127893283 -4.718630402050007 4.718628285553555 12.694470016376306 347.90541971050425 1269.8978712351818 1269.4472130007673 21.108764531087303 
0.0053199999999999515 22.63373613899275 -5.098221534490198 5.09821941916308 12.68707429277327 347.75409952780416 1269.1962714913761 1268.7076405173252 22.63373939167875 
0.005329999999999951 24.159711859420494 -5.478064451979446 5.47806233775715 12.680065381780487 347.60268003174633 1268.5333775477757 1268.0067493013485 24.159715112152277 
0.005339999999999951 25.686201011717593 -5.858037273969288 5.858035160787378 12.673442965945362 347.45120958887867 1267.90914547119 1267.3445076075725 25.686204264012577 
0.00534999999999995 27.212719189850358 -6.238018875193109 6.238016762987244 12.667206607557107 347.29973626583575 1267.3235193783196 1266.7208716649118 27.212722441229243 
0.00535999999999995 28.738785143822987 -6.617888919069138 6.617886807775085 12.661355749571076 347.14830781608504 1266.7764315315721 1266.1357857688915 28.738788393809905 
0.0053699999999999495 30.26392091137969 -6.997527890635687 6.997525780189349 12.655889716564852 346.9969716668582 1266.2678024379243 1265.5891823772595 30.263924159502302 
0.005379999999999949 31.787651947804946 -7.37681712901104 7.376815019348472 12.65080771572554 346.84577490627123 1265.7975409509074 1265.080982208713 31.78765519359462 
0.005389999999999949 33.30950725379445 -7.755638859370964 7.75563675042839 12.646108837867745 346.69476427063586 1265.3655443756268 1264.6110943446972 33.30951049678633 
0.005399999999999948 34.82901950136787 -8.133876224436753 8.133874116150588 12.641792058481787 346.5439861319661 1264.9716985766981 1264.1794163342265 34.82902274110102 
0.005409999999999948 36.34572515779708 -8.511413315467166 8.511411207774037 12.637856238811505 346.3934864856807 1264.6158780891092 1263.7858343016671 36.345728393814625 
0.005419999999999947 37.859164607523404 -8.888135202747627 8.888133095584383 12.634300126961218 346.24331093850526 1264.2979462320463 1263.4302230574292 37.85916783937262 
0.005429999999999947 39.368882272038135 -9.263927965570243 9.263925858873984 12.631122359031268 346.0935046965775 1264.01775522528 1263.112446211524 39.36888549927057 
0.005439999999999947 40.87442672770227 -9.63867872169868 9.63867661540677 12.628321460281558 345.9441125537553 1263.7751463087113 1262.8323562899182 40.874429949873864 
0.005449999999999946 17.914426483611287 -3.898279767394897 3.8982776638311085 12.617693141562663 -351.77761200457144 1262.138273024359 1261.769524241067 17.914391596902295 
0.005459999999999946 -8.363116889511524 2.671364618810725 -2.6713667180713707 12.598443830888256 350.82985479843 1259.556387508746 1259.8445928531248 -8.363113351014501 
0.005469999999999945 -6.559610683286933 2.222156066943697 -2.222158163850089 12.583868843215752 350.6508965114612 1258.143835213233 1258.387093843201 -6.559607136921111 
0.005479999999999945 -4.747658096387015 1.7708336993256428 -1.770835793955847 12.569760145331703 350.4711001071566 1256.7781225134754 1256.976223819886 -4.747654542785905 
0.005489999999999945 -2.9278857250869628 1.3175541879996184 -1.3175562804319096 12.556119147667488 350.2905277614021 1255.4593747825515 1255.6121238263413 -2.9278821648753723 
0.005499999999999944 -1.1009185464221043 0.8624738007439519 -0.862475891056788 12.542947103403018 350.10924148940944 1254.1877017090771 1254.2949191805797 -1.1009149802228495 
0.005509999999999944 0.7327016551337042 0.40572800367149975 -0.40573009194350834 12.530245166805498 349.9272950513616 1252.963205170802 1253.02472530934 0.7327052266994467 
0.005519999999999943 2.572190418215512 -0.05248705524382217 0.05248496893390537 12.518014183146983 349.7447662877769 1251.7859500780821 1251.8016267398427 2.572193994529966 
0.005529999999999943 4.417010614026129 -0.5120370727201864 0.5120349882935109 12.506254975298797 349.56170849686487 1250.6560052859138 1250.6257057592331 4.417014194473543 
0.0055399999999999425 6.266545596947978 -0.9727678617710132 0.972765779148649 12.49496817419033 349.3781828671275 1249.5734184669782 1249.497025460461 6.266549180915314 
0.005549999999999942 8.120181258362827 -1.4345258691722906 1.434523788275254 12.484154257103278 349.1942503353258 1248.5382219928256 1248.415633571704 8.12018484523994 
0.005559999999999942 9.977306204450636 -1.8971582199235404 1.8971561406728188 12.473813548524532 349.00997156883653 1247.550433023593 1247.3815625416564 9.977309793630445 
0.005569999999999941 11.837311931967267 -2.3605127612037613 2.3605106835203387 12.463946221041908 348.82540694821057 1246.6100536019906 1246.3948296291026 11.837315522845927 
0.005579999999999941 13.699593001958748 -2.8244381058115757 2.8244360296164577 12.454552296282031 348.6406165499354 1245.717070751421 1245.455436996706 13.69959659393582 
0.0055899999999999405 15.563547211370546 -3.288783675079203 3.2887816002934422 12.445631645889947 348.4556601294066 1244.8714565782382 1244.5633718089687 15.563550803849168 
0.00559999999999994 17.42857576251125 -3.753399741250094 3.7533976677948133 12.437183992549718 348.2705971041129 1244.0731683780252 1243.7186063342924 17.428579354898304 
0.00560999999999994 19.294083430331078 -4.218137469310327 4.218135397106746 12.429208911045597 348.08548653703656 1243.322148745926 1242.9210980510948 19.294087022037335 
0.005619999999999939 21.159478727476596 -4.682848958264137 4.682846887233595 12.421705829362997 347.9003871202756 1242.6183256908164 1242.1707897579086 21.159482317916904 
0.005629999999999939 23.024174067083784 -5.1473872818440425 5.147385211908021 12.414674029828792 347.7153571588909 1241.961612753468 1241.4676096874082 23.024177655677214 
0.0056399999999999385 24.88758592327294 -5.611606528646504 5.611604459726656 12.408112650290208 347.53045455497977 1241.3519091284118 1240.8114716243028 24.887589509442947 
0.005650499999997732 -1.1982258281872982 0.9100620694623391 -0.9100641345411035 12.391587756816211 -349.88110202565167 1239.0472585624716 1239.1589820017634 -1.1982603266765084 
0.005660499999995039 -30.589965161138064 8.258096436386385 -8.258098496071554 12.366574052796253 353.0353801676674 1235.8111016633763 1236.6576111832887 -30.589961902764916 
0.005669999999999937 -28.378700504205753 7.70693949738261 -7.706941554035876 12.347831150859836 352.81596083122497 1233.9919600173455 1234.7833206775776 -28.37869654111933 
0.005679999999999937 -26.154967308235204 7.152673091632131 -7.152675145178545 12.328635431635824 352.59530426677674 1232.1278483489793 1232.8637484355675 -26.154963333935502 
0.005689999999999936 -23.91929421058326 6.595418896038517 -6.5954209465747615 12.310016833983331 352.37346292994226 1230.3217466715867 1231.0018883603184 -23.919290225854258 
0.005699999999999936 -21.67246475025042 6.035372822709537 -6.035374870332615 12.291977471593855 352.150514569718 1228.5738467589208 1229.1979518210148 -21.672460755874273 
0.005709999999999936 -19.415260877586004 5.472730387291463 -5.472732432098664 12.274519261009313 351.9265367774614 1226.8843207098153 1227.4521304718812 -19.415256874342806 
0.005719999999999935 -17.148462717167618 4.907686649675465 -4.907688691764334 12.257643922303695 351.7016069633625 1225.2533210221757 1225.7645963203447 -17.148458705835182 
0.005729999999999935 -14.8728483328081 4.3404361552357615 -4.3404381947040624 12.241352979822366 351.47580233312567 1223.68098067281 1224.1355018009674 -14.872844314161707 
0.005739999999999934 -12.589193494750042 3.771172876614522 -3.7711749135602104 12.225647762978538 351.2491998648689 1222.1674132029473 1222.5649798550924 -12.589189469562232 
0.005749999999999934 -10.29827144910772 3.2000901560685246 -3.2000921905897126 12.210529407106227 351.02187628624614 1220.712712809248 1221.0531440161403 -10.298267418148058 
0.005759999999999934 -8.00085268961431 2.6273806483919904 -2.6273826805869143 12.195998854369057 350.79390805179827 1219.3169544403775 1219.6000885004894 -8.00084865364915 
0.005769999999999933 -5.697704731731739 2.053236264430006 -2.0532382943969956 12.182056854724271 350.5653713205381 1217.9801938991063 1218.2058883038765 -5.69770069152402 
0.005779999999999933 -3.3895918891793335 1.4778481151965073 -1.477850143033954 12.168703966941296 350.3363419337755 1216.7024679497154 1216.8705993032531 -3.3895878454883532 
0.005789999999999932 -1.0772750529360193 0.9014064566105701 -0.9014084824168941 12.155940559674137 350.10689539319 1215.483794430767 1215.5942583640265 -1.0772710065172153 
0.005799999999999932 1.2385678607705488 0.3240807975085372 -0.32408282138217115 12.143766872838354 349.87709896704325 1214.3241803819694 1214.376889477756 1.2385719091652847 
0.0058099999999999315 3.5570242895618844 -0.2539006793155858 0.25389865727626565 12.132182797344267 349.6470432070597 1213.2235920755 1213.218481735472 3.557028339185972 
0.005819999999999931 5.877424725634455 -0.8323705659676724 0.8323685456643435 12.121188178999827 349.4167945471504 1212.1819973510596 1212.1190197179676 5.877428775745303 
0.005829999999999931 8.19902412792541 -1.4111425667911268 1.4111405481255608 12.110782637769066 349.18642691623927 1211.1993395755 1211.078465421639 8.199028177785122 
0.00583999999999993 10.451149573004283 -1.9900422939725746 1.9900402768466603 12.100965646586294 -351.03704607444814 1210.2755486037559 1210.0967661399088 10.521149428187158 
0.00584999999999993 -22.071212464005246 6.157907487366634 -6.157909499417108 12.078660854060363 -347.8099176186473 1207.230284166904 1207.8662865159406 -22.07124645488978 
0.0058599999999999295 -54.4602855237112 14.255070495369814 -14.255072501013665 12.048318044324281 -344.5960151595008 1203.3863101582283 1204.8320050371237 -54.46031929324311 
0.005869999999999929 -58.6894262120254 15.313681688545032 -15.313683689254194 12.019768089307158 355.8236330702949 1200.4254972633778 1201.9770090600543 -58.68942166984809 
0.005879999999999929 -55.89347266249623 14.616361733030674 -14.616363729481185 11.993518405599085 355.5461962331265 1197.8703066519317 1199.3520402521895 -55.89346810359645 
0.005889999999999928 -53.079872593398306 13.914626477002201 -13.914628469316321 11.967997875939583 355.2670083673774 1195.388471783352 1196.7999868613222 -53.07986801878109 
0.005899999999999928 -50.249629756458745 13.208726891094912 -13.208728879395409 11.943209805184704 354.986169073309 1192.9802980398913 1194.3211793731123 -50.24962516712753 
0.0059099999999999275 -47.40374661237145 12.498913624121466 -12.498915608531576 11.919157244759562 354.70377782307577 1190.64606549327 1191.9159229301226 -47.40374200932777 
0.005919999999999927 -44.54322402193551 11.785436925839736 -11.785438906483117 11.895842993348516 354.4199339300783 1188.3860289815218 1189.5844974008355 -44.54321940617869 
0.005929999999999927 -41.66906093972007 11.06854657035207 -11.068548547352766 11.873269597660798 354.13473651856594 1186.2004181930479 1187.3271574562164 -41.669056312246944 
0.005939999999999926 -38.78225411033295 10.348491780155348 -10.348493753637744 11.851439353270896 353.848284493497 1184.089437758472 1185.144132653752 -38.782249472137536 
0.005949999999999926 -35.883797767374155 9.625521150862035 -9.625523120950813 11.830354305532948 353.56067651066957 1182.053267349404 1183.0356275288907 -35.883793119447375 
0.005959999999999925 -32.97468333515039 8.899882576611422 -8.899884543431524 11.810016250568372 353.27201094711876 1180.0920617848058 1181.001821693804 -32.974678678479776 
0.005969999999999925 -30.05589913322893 8.171823176190433 -8.171825139867018 11.790426736325891 352.9823858718045 1178.2059511442496 1179.0428699433905 -30.055894468798336 
0.005979999999999925 -27.128430083904142 7.44158921988254 -7.441591180540942 11.771587063713213 352.69189901658143 1176.395040888551 1177.1589023684417 -27.128425412693435 
0.005989999999999924 -24.193257422650696 6.709426057063155 -6.709428014828841 11.753498287799502 352.40064774746884 1174.6594119870829 1175.3500244758923 -24.193252745635494 
0.005999999999999924 -21.25135841163571 5.975578044559653 -5.975579999558189 11.736161219087794 352.10872903622214 1172.9991210523267 1173.616317316059 -21.25135372978709 
0.006009999999999923 -18.303706056360983 5.240288475793753 -5.240290428150754 11.719576424856534 351.8162394322171 1171.414200481046 1171.957837616796 -18.303701370645214 
0.006019999999999923 -15.351268825503444 4.503799510723385 -4.503801460564483 11.703744230569281 351.5232750346488 1169.9046586022434 1170.3746179244642 -15.351264136881708 
0.006029999999999923 -12.395010374022682 3.766352106601131 -3.7663540540519307 11.688664721351826 351.2299314650574 1168.4704798318269 1168.8666667516445 -12.395005683450794 
0.006039999999999922 -19.930712782085376 5.651356906164684 -5.651358850417979 11.671364473839253 -348.02231508920295 1166.5519769580642 1167.136641712338 -19.930746279592917 
0.006049999999999922 -51.82371316675294 13.624474765500143 -13.624476703550554 11.642120069475238 -344.8576369220664 1162.830246596503 1164.2122007890166 -51.82374644708362 
0.006059999999999921 -83.5083942786434 21.545534146728954 -21.545536077276086 11.605021113503188 -341.71362985662597 1158.3282800943296 1160.5023045741134 -83.5084273332315 
0.006069999999999921 -94.00338416147677 24.170251909357454 -24.17025383312 11.566937776779286 359.3277659637158 1154.2575289367298 1156.6939702676348 -94.00337885698752 
0.0060799999999999205 -90.45276834310975 23.28426377078939 -23.284265688973242 11.532579016999886 358.9754455101758 1150.9103115848075 1153.2580937176213 -90.4527630161141 
0.00608999999999992 -86.87846775939865 22.392349715624313 -22.392351628385107 11.499148171500392 358.62077486509315 1147.656476736639 1149.9150086110474 -86.87846241118254 
0.00609999999999992 -83.2817663927844 21.49483078019838 -21.494832687692455 11.466649750141494 358.26388143545813 1144.4964432660313 1146.6651659340585 -83.28176102463209 
0.006109999999999919 -79.66394692608814 20.59202767715732 -20.59202957954165 11.435087938186637 357.9048924993028 1141.4305976201147 1143.508984213068 -79.66394153928184 
0.006119999999999919 -76.02629034501113 19.684260696060207 -19.684262593492363 11.40446659709828 357.5439351662571 1138.4592939086579 1140.4468495943865 -76.02628494083054 
0.0061299999999999185 -72.37007554377053 18.771849604766963 -18.771851497405052 11.37478926543151 357.1811363384174 1135.5828540036118 1137.4791159335814 -72.37007012349247 
0.006139999999999918 -68.69657893397205 17.8551135516348 -17.855115439637412 11.346059159823954 356.81662267153564 1132.8015676473963 1134.6061048944694 -68.69657349887017 
0.006149999999999918 -65.00707405682583 16.93437096855035 -16.934372852076503 11.318279176081179 356.4505205365398 1130.1156925715213 1131.8281060576546 -65.00706860817007 
0.006159999999999917 -61.30283119880394 16.00993947482184 -16.009941354030932 11.291451890356496 356.0829559813971 1127.5254546240583 1129.1453770385115 -61.30282573786028 
0.006169999999999917 -57.58511701083923 15.082135781956609 -15.082137657008355 11.265579560424264 355.71405469332774 1125.031047906593 1126.5581436145135 -57.58511153886925 
0.0061799999999999165 -53.855194131164026 14.15127559934812 -14.151277470402512 11.24066412704562 355.34394196137885 1122.6326349199744 1124.0665998618067 -53.85518864942456 
0.006189999999999916 -50.11432081188246 13.21767354089643 -13.217675408113674 11.21670721542565 354.97274263937186 1120.3303467196185 1121.6709083009266 -50.11431532162522 
0.006199999999999916 -46.36375054937197 12.281643032585617 -12.281644896126089 11.193710136760911 354.6005811092268 1118.1242830793217 1119.371200051551 -46.36374505184319 
0.006209999999999915 -42.604731718604015 11.343496221040954 -11.343498081065142 11.171673889876223 354.22758124467623 1116.0145126642385 1117.1675749961785 -42.60472621504408 
0.006219999999999915 -38.838507211476596 10.40354388308877 -10.403545739757224 11.150599162949634 353.8538663753793 1114.0010732123167 1115.060101952625 -38.838501703119704 
0.006229999999999914 -35.06631407924455 9.462095336340647 -9.462097189813933 11.130486335324449 353.47955925143975 1112.083971724471 1113.0488188552276 -35.066308567318345 
0.006239999999999914 -48.77103770202408 12.888986418374714 -12.888988267182313 11.105918813274247 -345.1605477576121 1109.2845596638058 1110.5920662411575 -48.771070334169835 
0.006249999999999914 -79.80392693739341 20.647062131867177 -20.647063973451004 11.070333938161127 -342.0812166867871 1104.9502976510262 1107.033578137357 -79.80395934937236 
0.006259999999999913 -110.62523092698416 28.35226186087623 -28.35226369397308 11.027116803451579 -339.0228807935786 1099.8581100843123 1102.711863946836 -110.62526311052403 
0.006269999999999913 -127.23620733312241 32.50560969708091 -32.50561152171904 10.980517230883128 362.6253920464024 1094.7828813411777 1098.0519059141072 -127.23620111232913 
0.006279999999999912 -122.77567107771065 31.392128980512666 -31.392130798377202 10.93876143634049 362.1827820212887 1090.718722769904 1093.8763257646087 -122.77566483039128 
0.006289999999999912 -118.28713585834194 30.271642674700526 -30.271644485986645 10.898169728651865 361.7373937153959 1086.7716715397708 1089.8171543198937 -118.28712958610002 
0.006299999999999912 -113.77220321905693 29.14455121799216 -29.144553022895845 10.858747341005385 361.28938604671293 1082.942210915737 1085.8749148988622 -113.77219692349337 
0.006309999999999911 -109.23247259425315 28.011254522814276 -28.01125632153225 10.820499102283797 360.83891772389217 1079.2307837854212 1082.0500903898699 -109.23246627696584 
0.006319999999999911 -104.66954081622089 26.872151852530457 -26.872153645260113 10.783429438177839 360.38614719738473 1075.637792783056 1078.3431233620634 -104.66953447880412 
0.00632999999999991 -100.08500162672124 25.727641699308506 -25.72764348624784 10.74754237242002 359.9312326109741 1072.1636004245938 1074.7544161887613 -100.08499527076525 
0.00633999999999991 -95.48044519273174 24.578121663029656 -24.578123444377205 10.712841528137512 359.4743317537249 1068.8085292554988 1071.284331182741 -95.48043881982227 
0.0063499999999999095 -90.8574576264902 23.423988331271794 -23.423990107226565 10.67933012932305 359.0156020123595 1065.5728620095128 1067.933190743329 -90.857451238208 
0.006359999999999909 -86.217620509956 22.26563716039696 -22.265638931158364 10.647011002422502 358.5552003240684 1062.456841779754 1064.7012775151604 -86.21761410787633 
0.006369999999999909 -81.56251042381398 21.103462357774244 -21.103464123542032 10.615886578037946 358.0932831297767 1059.4606722002552 1061.5888345584829 -81.56250400950618 
0.006379999999999908 -76.89369848113816 19.937856765167343 -19.93785852614154 10.585958892744872 357.63000632786924 1056.5845176397265 1058.596065530879 -76.89369205616522 
0.006389999999999908 -72.21274986583411 18.769211743316532 -18.769213499697372 10.55722959102224 357.1655252283904 1053.8285034059754 1055.7231348802725 -72.21274343175213 
0.0063999999999999075 -67.5212233759722 17.597917057743274 -17.597918809731134 10.52969992729404 356.6999945077327 1051.192715961517 1052.9701680490828 -67.52121693433003 
0.006409999999999907 -62.820670972128134 16.42436076580628 -16.42436251360162 10.503370768080966 356.2335681638169 1048.6772031499133 1050.3372516893946 -62.82066452446691 
0.006419999999999907 -58.11263733083763 15.248929105036034 -15.248930848839324 10.478242594260795 355.7663994717833 1046.281974433109 1047.824433888993 -58.112630878690304 
0.006429999999999906 -53.39865940327467 14.072006382774994 -14.072008122786663 10.454315503436082 355.2986409401998 1044.0070011391572 1045.431724408135 -53.398652948165605 
0.006439999999999906 -76.62724437835904 19.8793097986551 -19.879311532289485 10.421858750520649 -342.3964324964395 1040.1806298919557 1042.1860485761865 -76.62727600351668 
0.0064499999999999055 -106.65751526038204 27.386708452261825 -27.386710177727288 10.380352196623061 -339.41658922464677 1035.279278341425 1038.0353924953429 -106.65754666370998 
0.006459999999999905 -136.4742248141113 34.840736002524146 -34.840737718600394 10.33147035803554 -336.45793721315704 1029.6457478158245 1033.1472078227073 -136.47425598766742 
0.006470499999993346 -162.56840960249554 41.364360215340085 -41.364361920685546 10.273608531127731 366.1313352869292 1023.2072767505688 1027.361024168526 -162.56840299602305 
0.006479999999999904 -157.03906068075105 39.98363197542213 -39.983633673176946 10.226683140475817 365.5826691344797 1018.6528927658578 1022.6684843220263 -157.03905335533292 
0.006489999999999904 -151.4784635997489 38.595110638870224 -38.59511232884689 10.178624842562337 365.0309022901489 1013.9859992655236 1017.8626537305067 -151.4784562462218 
0.006499999999999903 -145.88794203967652 37.1991011414853 -37.19910282392601 10.132012296730325 364.47616610005474 1009.4644274216216 1013.2013983712059 -145.8879346600045 
0.006509999999999903 -140.2694589246291 35.79609428281507 -35.796095957962834 10.08685080139693 363.9186553411999 1005.0886579856074 1008.6852480859266 -140.26945152077158 
0.006519999999999903 -134.62497320278595 34.386579870185294 -34.38658153828383 10.043145161075017 363.35856439606516 1000.859122418342 1004.3146833260358 -134.62496577669725 
0.006529999999999902 -128.95643925234705 32.97104657015034 -32.971048231444016 10.00089968807974 362.79608719366126 996.776203075968 1000.0901353231203 -128.95643180597577 
0.006539999999999902 -123.2658062928001 31.549981761275756 -31.54998341600948 9.960118204379786 362.231417151111 992.8402334095323 996.0119862741124 -123.26579882808846 
0.006549999999999901 -117.55501780166702 30.123871388290574 -30.12387303670974 9.920804043591673 361.6647471157726 989.0514981791051 992.0805695407197 -117.55501032055047 
0.006559999999999901 -111.82601093687708 28.693199817645965 -28.693201459996356 9.882960053115653 361.0962693079245 985.4102336817181 988.2961698630146 -111.8260034412835 
0.006569999999999901 -106.08071596491706 27.258449694517804 -27.258451331045517 9.846588596411497 360.52617526402065 981.9166279933713 984.6590235870137 -106.0807084567664 
0.0065799999999999 -100.32105569489842 25.820101801288203 -25.820103432239573 9.81169155541263 359.9546557805351 978.5708212243617 981.1693189060906 -100.32104817610202 
0.0065899999999999 -94.54894491868183 24.378634917541238 -24.37863654316275 9.778270333076854 359.3819008584058 975.3729057886114 977.8271961160492 -94.54893739114193 
0.006599999999999899 -88.76628985719927 22.93452568160769 -22.9345273021459 9.74632585607207 358.80809964809544 972.3229266859959 974.6327478836948 -88.76628232280842 
0.006609999999999899 -82.97498761310565 21.48824845369197 -21.48825006939344 9.715858577595156 358.2334403952776 969.4208817978539 971.5860195287224 -82.97498007374624 
0.0066199999999998985 -77.17692562989384 20.040275180614746 -20.04027679172595 9.6868684803223 357.6581103871672 966.6667221955361 968.6870093187514 -77.1769180874375 
0.006629999999999898 -71.44379983071626 18.591045143258707 -18.591046750025985 9.65935518264068 -342.9107752548077 964.0603657889216 965.9356790924925 -71.37379647958795 
0.006639999999999898 -100.48206545718878 25.86786878117541 -25.86787038021108 9.620241969892298 -340.02936666573714 959.4214026613811 962.0243571664188 -100.48209595215634 
0.006649999999999897 -129.384789585643 33.09334802778427 -33.09334961790517 9.573978274551 -337.16140758641325 954.0725377183809 957.3979868619974 -129.3848198592718 
0.006659999999999897 -158.0741007837357 40.265492154235424 -40.265493734268944 9.52062550860456 -334.31462504216427 948.0201111369324 952.0627093790289 -158.07413082843794 
0.0066699999999998965 -186.5423149893514 47.38237954731954 -47.38238111610393 9.460246889345589 -331.48978150699196 941.2706367090027 946.024846447827 -186.54234479766143 
0.006679999999999896 -186.8333739827539 47.456404644714034 -47.45640620388983 9.40266836300415 368.53909881103687 935.5054766103021 940.2669928549994 -186.8333654656628 
0.006689999999999896 -180.0853109075317 45.77098700829932 -45.77098855871406 9.3484156315728 367.8695021087183 930.2488406280938 934.8417188085559 -180.0853023613786 
0.006699999999999895 -173.3060035581851 44.077750012715235 -44.077751554661695 9.29591180726011 367.19680510003235 925.1678744252993 929.5913355030972 -173.30599498531774 
0.006709999999999895 -166.4977997544754 42.377280699394824 -42.377282233166554 9.245162072284298 366.52124075440327 920.263037508997 924.5163611605324 -166.49779115723464 
0.0067199999999998945 -159.66304112115193 40.67016456304767 -40.670166088938885 9.19617101980145 365.84304142653684 915.5347306358773 919.6172550965456 -159.66303250187102 
0.006729999999999894 -152.80406238726653 38.956985376447214 -38.95698689475271 9.148942656300756 365.1624387868925 910.9832960689556 914.894417960123 -152.80405374827055 
0.006739999999999894 -145.92319069225053 37.238325016908234 -37.23832652792326 9.103480404169819 364.4796637528274 906.6090178515541 910.3481919900818 -145.92318203585546 
0.006749999999999893 -139.02274489892253 35.51476329449707 -35.51476479851728 9.059787104428088 363.79494642042624 902.4121220982638 905.978861288415 -139.02273622743485 
0.006759999999999893 -132.10503491361303 33.78687778202018 -33.78687927934147 9.017865019626447 363.1085159970404 898.3927773008993 901.7866521102471 -132.1050262293289 
0.006769999999999892 -125.17236101355957 32.05524364683049 -32.05524513774898 8.977715836910905 362.42060073454525 894.5510946528203 897.7717331702086 -125.17235231876415 
0.006779999999999892 -118.22701318174937 30.320433484495087 -30.32043496930697 8.939340671248463 361.7314278633387 890.8871283874289 893.934215965017 -118.22700447871627 
0.006789999999999892 -111.27127044936293 28.583017154362853 -28.583018633364315 8.902740068812944 361.0412235270924 887.4008761332216 890.2741551120647 -111.27126174035345 
0.006799999999999891 -104.30740024598302 26.84356161707332 -26.84356309056045 8.86791401052878 360.3502127182753 884.0922792847931 886.7915487037939 -104.30739153324565 
0.006809999999999891 -97.33765775772117 25.10263077404456 -25.102632242313266 8.834861915770531 359.6586192144613 880.961223388655 883.4863386776512 -97.33764904349086 
0.00681999999999989 -90.36428529341305 23.360785308977988 -23.360786772323884 8.80358264621597 358.9666655154385 878.0075385440454 880.3584112013942 -90.36427657991058 
0.00682999999999989 -93.88441576666642 24.241773648572845 -24.241775106351767 8.771061259720648 -340.684038150959 874.6673519506297 877.1062720103807 -93.88444524512626 
0.00683999999999989 -121.76443632336606 31.211519187098066 -31.211520636480646 8.727652486530744 -337.91755988642035 869.6295487200242 872.7653939686336 -121.76446558983064 
0.006849999999999889 -149.44011325575386 38.1301963671285 -38.13019780698328 8.677403764778184 -335.1713582279913 863.9128689589228 867.7405209567354 -149.44014230289315 
0.006859999999999889 -176.90402407377698 44.99594899061451 -44.99595041982044 8.62037570144372 -332.4461696944042 857.5235588913345 862.0377136737708 -176.90405289437834 
0.006869999999999888 -204.14886181554658 51.8069497399383 -51.80695115738502 8.556630653267765 -329.74271934076455 850.4680368256328 855.6632077948193 -204.1488904025161 
0.006879999999999888 -213.684228028301 54.19148390873355 -54.191485314957795 8.491679294715539 371.203454956336 843.7345471101785 849.1680708581555 -213.6842182282906 
0.0068899999999998875 -205.6561806740968 52.1860328323782 -52.186034229005365 8.432090289317216 370.4068479930474 837.9762969719525 843.2091693261651 -205.6561708456611 
0.006899999999999887 -197.59713726649838 50.17282318881922 -50.172824576196206 8.374575005973574 369.60716535383455 832.4261914896607 837.4576400341707 -197.59712741238687 
0.006909999999999887 -189.5098490624702 48.15254289925103 -48.15254427772541 8.319138090694159 368.80468004038187 827.0846264623341 831.9139475832035 -189.5098391854225 
0.006919999999999886 -181.39705828154155 46.12587762779842 -46.125878997718296 8.265783501290128 367.99966415760866 821.9519290957737 826.5784877544456 -181.39704838428665 
0.006929999999999886 -173.2614972968991 44.09351057924008 -44.09351194095401 8.214514510618434 367.19238883340034 817.0283583475104 821.4515878336467 -173.26148738215457 
0.0069399999999998855 -165.10588783488063 42.05612229883216 -42.056123652689 8.165333710021537 366.38312413917777 812.3141052907415 816.5335069550957 -165.10587790535172 
0.006949999999999885 -156.93294018306776 40.01439047428128 -40.0143918206301 8.118243012960415 365.5721390113162 807.809293497305 811.8244364649227 -156.93293024144688 
0.006959999999999885 -148.7453524071795 37.96898973991709 -37.968991079107056 8.073243658838365 364.75970117344116 803.5139794398413 807.3245003034779 -148.74534245614515 
0.006969999999999884 -140.54580957694566 35.920591483109746 -35.920592815490004 8.030336217013174 363.9460770596118 799.4281529121422 803.0337554065492 -140.54579961916193 
0.006979999999999884 -132.33698300115378 33.86986365298044 -33.869864978900004 7.989520590995156 363.13153173841613 795.551737468331 798.9521921251664 -132.3369730392694 
0.0069899999999998835 -124.12152947205071 31.81747057145008 -31.817471891257732 7.950796022828517 362.31632883799614 791.8845908797337 795.0797346637378 -124.12151950869847 
0.006999999999999883 -115.90209051927631 29.764072746670955 -29.76407406071513 7.914161097653442 361.5007304720155 788.4265056095842 791.4162415362581 -115.90208055707222 
0.007009999999999883 -107.68129167350128 27.710326688884095 -27.710327997512778 7.879613748446306 360.68499716659204 785.177209305813 787.9615060403306 -107.68128171504397 
0.007019999999999882 -99.46174173994302 25.656884728745798 -25.656886032306407 7.847151260935344 359.86938778821195 782.1363653104278 784.7152567487334 -99.46173178781284 
0.007029999999999882 -112.2183141626817 28.84640485438319 -28.846406151214342 7.809963526162015 -338.86480235399523 778.0986907494346 780.9964826522239 -112.21834234433857 
0.007039999999999881 -138.8018080980888 35.49197205044098 -35.49197333840439 7.763402138608453 -336.22697581372285 772.7780502132897 776.3403431216201 -138.80183607119108 
0.007049999999999881 -165.18401699345839 42.08723439517525 -42.08723567319363 7.710326522975837 -333.6091223824053 766.8110283027157 771.0327806746485 -165.18404475106297 
0.007059999999999881 -191.35790777871188 48.630433068089026 -48.63043433509526 7.65079605266568 -331.01193993741555 760.2037381475968 765.0797326524497 -191.35793531398917 
0.00706999999999988 -217.31655927601037 55.11983722034205 -55.11983847527947 7.584871756193862 -328.4361152532851 752.9624555890722 758.4873019076272 -217.31658658224592 
0.00707999999999988 -236.05322518820896 59.804152576988315 -59.80415381942114 7.514527448235875 373.4230854733421 745.459694084685 751.4528699405945 -236.05321404440997 
0.007089999999999879 -226.6869007780082 57.464053763588865 -57.46405499579248 7.4508109605643815 372.4936839742743 739.3221684376679 745.0812201125647 -226.68688961242836 
0.007099999999999879 -217.29164902180852 55.11674604528187 -55.116747267659335 7.38950564867554 371.5614120729486 733.4264772928487 738.950687902946 -217.29163783342753 
0.007109999999999879 -207.8706305804039 52.76298600124407 -52.76298721419893 7.33061518497386 370.62658339536716 727.7729122243244 733.061640552251 -207.8706193723649 
0.007119999999999878 -198.42699362995094 50.40356080756613 -50.40356201150226 7.2741424217322415 369.6895103287068 722.361679734328 727.4143632878165 -198.42698240538277 
0.007129999999999878 -188.9638729347794 48.03925428984757 -48.039255485169086 7.220089427341241 368.75050392931564 717.1929082733451 722.0090629487332 -188.96386169679573 
0.007139999999999877 -179.48438894281995 45.67084669699506 -45.670847884106145 7.168457490776501 367.80987383295434 712.266648709419 716.8458684325866 -179.4843776945183 
0.007149999999999877 -169.9916468914751 43.29911447763104 -43.29911565693583 7.11924712628365 366.867928166074 707.582874818773 711.924831163948 -169.99163563593603 
0.0071599999999998765 -160.48873592414688 40.92483005916611 -40.92483123106859 7.072458078277821 365.9249734581502 703.1414837978185 707.2459255843268 -160.48872466443314 
0.007169999999999876 -150.97872821762886 38.54876162958748 -38.54876279449131 7.028089326454828 364.9813145550952 698.9422967966925 702.809049663287 -150.97871695678447 
0.007179999999999876 -141.46467812057338 36.17167292201559 -36.171674080324024 6.98613909111097 364.0372545337725 694.9850594721222 698.6140254304291 -141.46466686162287 
0.007189999999999875 -131.94962130323063 33.794323002078464 -33.7943241541942 6.9466048386684625 363.093094617624 691.2694425613918 694.6605995279324 -131.94961004917812 
0.007199999999999875 -122.43657391865312 31.417466058152325 -31.417467204477397 6.909483287403354 362.1491340934403 687.7950424761676 690.9484437833471 -122.43656267248164 
0.0072099999999998745 -112.92853177556162 29.04185119451706 -29.0418523354527 6.874770413372841 361.20567022928407 684.5613819158657 687.4771558023258 -112.92852054023213 
0.00722049999999538 -103.49846532873123 26.668205489482403 -26.668206625149953 6.840787613116742 -339.7300553842118 681.4005306025282 684.0788752109016 -103.42845830150405 
0.007229999999999874 -128.85317626989539 33.024018758359375 -33.024019886087665 6.7995073688392225 -337.21415850458993 676.6369720107252 679.9508500958331 -128.85320310313 
0.007239999999999873 -154.08779520960402 39.332316202279635 -39.332317320753525 6.750288679026181 -334.7101781122999 671.0843337442888 675.0289802950371 -154.0878218386363 
0.007249999999999873 -179.12508705450654 45.59129713517577 -45.591298243374126 6.694893722889718 -332.22577809003417 664.9190108822305 669.4894837590638 -179.12511347279042 
0.0072599999999998725 -203.95841856235228 51.79930271748468 -51.799303814396275 6.633380399614845 -329.761616641056 658.1469591369902 663.3381504073784 -203.95844476345104 
0.007269999999999872 -228.58126439124047 57.954701083525954 -57.954702168149765 6.565808166629603 -327.31834126189426 650.7742873447493 656.5809259837754 -228.58129036882835 
0.007279999999999872 -252.98720845995598 64.0558876817616 -64.05588875310703 6.49223801060377 -324.89658860736023 642.8072545322176 649.2239091562479 -252.9872342078192 
0.007289999999999871 -249.22210106573812 63.11573417897902 -63.11573523885855 6.422501317405471 374.7298064927729 635.9277191049791 642.2502386753009 -249.2220884961157 
0.007299999999999871 -238.4239299146141 60.41764878134704 -60.41764983077703 6.357104804865291 373.65832572662316 629.6579936015048 635.7105863324298 -238.42391732506965 
0.00730999999999987 -227.60245439876311 57.71372536329945 -57.713726402742246 6.294476583227976 372.584532515318 623.6656764282512 629.4477631259373 -227.6024417928646 
0.00731999999999987 -216.7612498743575 55.00485791978757 -55.00485894970565 6.234618378347478 371.5087816342454 617.950850765294 623.4619416412476 -216.76123725565458 
0.00732999999999987 -205.90387457986103 52.29193616904121 -52.29193718989706 6.17753102804141 370.4314261602393 612.5135114182971 617.7532056601354 -205.90386195188427 
0.007339999999999869 -195.03386862163578 49.575845298902536 -49.57584631115848 6.123214487628495 369.3528173709209 607.3535653975243 612.3215507144726 -195.03385598789566 
0.007349999999999869 -184.15475297191432 46.857465716250694 -46.85746672036875 6.07166783570922 368.2733046452702 602.4708325207256 607.1668846642924 -184.15474033590016 
0.007359999999999868 -173.270028479378 44.137672799578006 -44.13767379601975 6.0228892801861384 367.19323536544834 597.8650460406059 602.2890282998205 -173.27001584455707 
0.007369999999999868 -162.3831748925694 41.41733665477379 -41.41733764400021 5.976876164520494 366.11295481989174 593.5358532940377 597.6877159671369 -162.38316226238587 
0.007379999999999868 -151.4976498963633 38.69732187417306 -38.697322856644426 5.933624974221527 365.03280610770344 589.4828163757157 593.3625962171071 -151.49763727423746 
0.007389999999999867 -140.61688816171934 35.97848729892487 -35.97848827510056 5.893131343564961 363.95313004436275 585.7054128335526 589.3132324772308 -140.61687555104655 
0.007399999999999867 -129.7443004089259 33.261685784733594 -33.261686755071985 5.855390062537 362.87426506877136 582.203036386174 585.539103746042 -129.74428781307566 
0.007409999999999866 -118.88327248454593 30.547763971025212 -30.54776493598354 5.82039508400021 361.79654715166174 578.9749976632199 582.0396053096962 -118.8832599068611 
0.007419999999999866 -118.53204603029008 30.460747537216314 -30.460748496311112 5.785126297486418 -338.2383034622766 575.456879314154 578.5127260710907 -118.53207166311441 
0.0074299999999998655 -142.5581720931838 36.466850927411784 -36.46685187797343 5.739932948254798 -335.8542393831671 570.3369888550554 573.9933903954588 -142.5581975336556 
0.007439999999999865 -166.3985001700038 42.42651945699805 -42.42652039805383 5.688856758818599 -333.4886116638522 564.6334677522573 568.8857706014196 -166.3985254118758 
0.007449999999999865 -190.0467005445703 48.33817019462718 -48.33817112521374 5.631952344075504 -331.1420483893151 558.3519357033791 563.1953281796507 -190.0467255816988 
0.007459999999999864 -213.49654567249723 54.200245750710394 -54.20024666987399 5.569275806791582 -328.815167506237 551.4981586362827 556.9276734076931 -213.49657049884354 
0.007469999999999864 -236.74191148470345 60.01121460346302 -60.01121551025976 5.500884710121664 -326.5085766936536 544.0780459284092 550.0885626019883 -236.74193609433505 
0.0074799999999998635 -259.776778649655 65.7695714146315 -65.76957230812758 5.426838049847027 -324.2228732377046 536.0976475996849 542.6838953416467 -259.7768030367467 
0.007489999999999863 -265.11183089512326 67.1038720857741 -67.10387296668127 5.352637705974143 376.3065123676118 528.5443015042927 535.2638597189211 -265.11181690757854 
0.007499999999999863 -252.89477453868432 64.05101013330675 -64.05101100342642 5.284858650931168 375.0942384814432 522.0718045299919 528.4859530861014 -252.89476053630798 
0.007509999999999862 -240.65909146147771 60.99347839169036 -60.99347925154384 5.22020278649557 373.8801163033036 515.9120884418489 522.0203655660202 -240.65907744825148 
0.007519999999999862 -228.40877407646073 57.93227514562999 -57.932275995738415 5.158670161300345 372.6645419922866 510.0650582715835 515.8671020219786 -228.40876005634385 
0.0075299999999998615 -216.14779334116378 54.86839331887772 -54.86839415976192 5.100259835100399 371.4479095785068 504.53052070050785 510.026068429451 -216.14777931809184 
0.007539999999999861 -203.88009764100573 51.80282019498439 -51.8028210271647 5.044969885531703 370.2306108522938 499.3081847636632 504.49707255200286 -203.8800836188894 
0.007549999999999861 -191.60961168705498 48.736537141662126 -48.73653796565823 4.992797415137202 369.01303525481904 494.3976625802453 499.27982464388015 -191.60959766977913 
0.00755999999999986 -179.34023542848 45.67051933881888 -45.67052015514966 4.943738558655398 367.79556977018063 489.7984701090408 494.3739381788691 -179.34022141990266 
0.00756999999999986 -167.07584297994975 42.60573551033009 -42.605736319513476 4.897788490567668 366.57859881897105 485.51002793086406 489.7789306050265 -167.07582898390083 
0.007579999999999859 -154.8202815642165 39.54314765960574 -39.543148462158506 4.854941432900189 365.36250415335195 481.53166205408587 485.4942241248745 -154.82026758449706 
0.007589999999999859 -142.57737047012048 36.483710809012365 -36.48371160545004 4.815190663276358 364.1476647536602 477.8626047468782 481.5191465006405 -142.57735651050152 
0.007599999999999859 -130.3509000262449 33.42837274320768 -33.42837353404434 4.778528523215511 362.9344567265636 474.5019953923385 477.85293188413044 -130.35088609046642 
0.007609999999999858 -118.14463059044404 30.378073756443055 -30.37807454219119 4.744946426673712 361.7232532047954 471.44888136741605 474.49472167080796 -118.14461668221409 
0.007619999999999858 -126.93456542610734 32.575754367166255 -32.57575514632848 4.7076281229406165 -337.40453839282054 467.49733737939 470.7628906761482 -126.93458967399941 
0.007629999999999857 -149.572644396728 38.23478481397092 -38.234785584571846 4.661918773962679 -335.15820742990866 462.36055624916605 466.1919550172931 -149.57266845949957 
0.007639999999999857 -172.0317628628094 43.849088729773534 -43.849089490897576 4.610671118722732 -332.92963435727575 456.6744264606162 461.0671886400241 -172.03178673460192 
0.007649999999999857 -194.30598360758307 49.41718133455852 -49.41718208529908 4.553937575117252 -330.71940831297877 450.4443381995787 455.3938333348614 -194.3060072826368 
0.007659999999999856 -216.3894667329671 54.93760217694063 -54.93760291640033 4.491771954911185 -328.52810877833764 443.6758186033109 449.1772702791963 -216.3894902056221 
0.007669999999999856 -238.27647087208967 60.408915437453636 -60.40891616474452 4.424229437597691 -326.3563054576187 436.37452911653315 442.4230174232628 -238.27649413678714 
0.007679999999999855 -259.9613543627056 65.8297102220616 -65.82971093630537 4.351366543995759 -324.20455816159927 428.5462628218925 435.13672684990127 -259.9613774139888 
0.007689999999999855 -277.9378356913496 70.32359904878392 -70.32359974941099 4.274159095233757 377.5792109804939 420.37624188253073 427.4159806881957 -277.9378209878447 
0.0076999999999998545 -264.3076743382652 66.91740268511477 -66.9174033747451 4.2047712554523935 376.22671753276546 413.7782037138124 420.4771955547507 -264.3076589306711 
0.007709999999999854 -250.66449630004797 63.507938058730815 -63.507938737944215 4.1388589436990175 374.87293246559875 407.52803943328496 413.88596328197207 -250.66448088802727 
0.007719999999999854 -237.012703520368 60.09630571835179 -60.09630638772755 4.07642030400377 373.5182925749948 401.62545338833297 407.6420982728429 -237.0126881082808 
0.007729999999999853 -223.35667121510787 56.68359967857132 -56.68360033868806 4.017452393073181 372.1632320048093 396.0700418491211 401.7453061979672 -223.35665580728568 
0.007739999999999853 -209.70074735325736 53.270907145255165 -53.27090779669066 3.961951188299118 370.80818219524497 390.8612938377836 396.195184796465 -209.70073195400195 
0.0077499999999998525 -196.0492514587424 49.859308215911206 -49.85930885924219 3.9099115960845374 369.45357176395754 385.9985919894454 390.9912247085469 -196.0492360723249 
0.007759999999999852 -182.40647342908892 46.44987558426785 -46.449876220069875 3.861327460453815 368.0998263888346 381.4812134436547 386.13281033654795 -182.4064580597484 
0.007769999999999852 -168.7766723711786 43.0436742491252 -43.04367487797242 3.8161915719430675 366.74736869247056 377.30833076274365 381.61922073396 -168.77665702312098 
0.007779999999999851 -155.1640754543626 39.64176122754523 -39.641761850010255 3.77449567676585 365.3966181283629 373.47901287640826 377.44963052200075 -155.16406013175964 
0.007789999999999851 -141.5728767811733 36.24518527244142 -36.245185889095126 3.7362304862494846 364.047990868855 369.992226053999 373.62311083324823 -141.57286148816144 
0.0077999999999998505 -128.00723627588687 32.8549865946306 -32.854987206042 3.7013856865373116 362.701899694851 366.84683490231913 370.13863028186444 -128.00722101656618 
0.00781049999999437 -114.54127439683859 29.472180035492126 -29.472180641952235 3.66829451344784 -338.6342996904798 363.8760642742323 366.8295124219486 -114.47126336959374 
0.00781999999999985 -135.88292802293617 34.82453873341204 -34.82453933240814 3.628862362644383 -336.51661040234455 359.39766076852 362.8862966850571 -135.88295088122987 
0.00782999999999985 -157.12844335040907 40.135367416808535 -40.1353680071936 3.582506384158988 -334.40846072387336 354.2310390930771 358.2506980646897 -157.12846603067777 
0.007839999999999849 -178.20169720858294 45.40314327579883 -45.40314385671464 3.5309579428858204 -332.3174042039119 348.5494851580846 353.09585307909055 -178.2017197053593 
0.007849999999999848 -199.09714725812154 50.62648027618602 -50.62648084678296 3.4742672920954147 -330.24399079762554 342.3581628154493 347.4267870561497 -199.09716956603205 
0.007859999999999848 -219.809343652794 55.80401550616014 -55.804016065597416 3.412485984290582 -328.18876128227464 335.6623635258678 341.24865524700664 -219.80936576656018 
0.007869999999999848 -240.3329301600749 60.93440945659633 -60.934410004042164 3.3456668463996118 -326.15224714602056 328.46750384987206 334.56674034536985 -240.332952074514 
0.007879999999999847 -260.66264524479004 66.01634629211405 -66.01634682674592 3.273863954728194 -324.1349704803972 320.7791229167758 327.3864499827087 -260.6626669548163 
0.007889999999999847 -280.7933231157087 71.04853411287188 -71.04853463387667 3.1971326096795614 -322.13744387646 312.6028798696053 319.7133142002673 -280.79334461633437 
0.007899999999999846 -272.77107608643666 69.04391012056843 -69.04391062993211 3.1252800755526677 377.0665238353743 305.61821444347754 312.52805959123197 -272.7710592910954 
0.007909999999999846 -257.7370457562028 65.28667117098004 -65.28667166989734 3.0588433209018593 375.57472729769154 299.350385330758 305.88438301997803 -257.73702896367246 
0.007919999999999846 -242.70124276227293 61.52897398349634 -61.52897447260382 2.9962254793452963 374.08275486216206 293.46448703278975 299.6225978217337 -242.70122597730312 
0.007929999999999845 -227.66843567633052 57.77201093818822 -57.77201141812136 2.9374214084164962 372.5910797045456 287.9598860692178 293.742189749765 -227.6684189036375 
0.007939999999999845 -212.64336096273615 54.01696639143956 -54.01696686283261 2.8824247921254753 371.10017181465724 282.83583241187307 288.24252720496827 -212.64334420700138 
0.007949999999999844 -197.63072168915087 50.265016353506674 -50.26501681699244 2.831228150625973 369.61049786842517 278.0914604836367 283.1228622025931 -197.63070495502 
0.007959999999999844 -182.6351862561541 46.517328170825614 -46.51732862703526 2.7838228501878888 368.12252110183215 273.7257901871467 278.38233136948566 -182.6351695482355 
0.007969999999999844 -167.66138714613768 42.77506021313856 -42.77506066270144 2.740199113469788 366.6367011867719 269.73772796370235 274.0199569713396 -167.6613704690012 
0.007979999999999843 -152.7139196917396 39.03936156550483 -39.039362009048276 2.7003460300862514 365.15349410884335 266.1260678805183 270.03464796943143 -152.7139030499157 
0.007989999999999843 -137.79734086408845 35.311371725264046 -35.3113721634132 2.6642515674648046 363.67335204710963 262.88949274668454 266.4252011063134 -137.79732426206667 
0.007999999999999842 -122.91616808110373 31.592220304013534 -31.59222073739116 2.6319025819871036 362.19672325584855 260.0265752571209 263.19030201993206 -122.9161515233317 
0.008009999999999842 -122.06383614236452 31.37955588427011 -31.379556312219346 2.5991190268579234 -337.88785104564016 256.769541150347 259.9119459611673 -122.06385780102846 
0.008019999999999841 -142.10057838230514 36.388116961084705 -36.388117381293476 2.5576842946138587 -335.8996454850945 252.12526372120587 255.7684720468719 -142.1005998759074 
0.008029999999999841 -161.97770622331524 41.356786410049786 -41.35678682170805 2.511349285667219 -333.92727813974847 246.99495602728092 251.13497038072927 -161.97772754667932 
0.00803999999999984 -181.68997328188232 46.28425221335729 -46.284252615662986 2.4601606939262983 -331.97126959766706 241.3834185882679 246.01611035434624 -181.6899944299196 
0.00804999999999984 -201.232219637052 51.16922396794143 -51.16922436010071 2.404166444434 -330.03213186741004 235.2955728737352 240.41668447281128 -201.23224060476255 
0.00805999999999984 -220.59937289866585 56.01043315267847 -56.0104335339059 2.3434156701541635 -328.11036827203236 228.73645895499698 234.34160603332626 -220.59939368113945 
0.00806999999999984 -239.78644924091375 60.806633386913866 -60.80663375643259 2.2779586885272516 -326.20647334652745 221.71123313527946 227.79590678077525 -239.78646983333093 
0.008079999999999839 -258.7885544011011 65.55660068029225 -65.55660103733419 2.2078469778043135 -324.320932738721 214.22516555715004 220.78473454112026 -258.78857479873403 
0.008089999999999839 -277.60088464353896 70.2591336738677 -70.25913401767376 2.133133153168174 -322.4542231136264 206.28363779211256 213.3133508335199 -277.60090484175225 
0.008099999999999838 -282.22776961709894 71.41602463174068 -71.41602496283905 2.058042606677205 378.00489248018124 198.65901447024993 205.80429493416406 -282.2277514435878 
0.008109999999999838 -265.8128088870089 67.31349331902479 -67.31349363960338 1.9908201970260413 376.3760690013497 192.34715154361473 199.0820528497935 -265.8127907231656 
0.008119999999999837 -249.4025385846875 63.21211848883708 -63.21211879958937 1.9277598658975243 374.74771094421544 186.45137392903314 192.7760186869863 -249.40252043565104 
0.008129999999999837 -233.0021200935023 59.113190750292475 -59.11319105191052 1.8688543685498724 373.12033046244954 180.97082809885353 186.88546797144355 -233.0021019643732 
0.008139999999999837 -216.61667795275002 55.01799150478513 -55.017991797959354 1.8140951925020983 371.49443605376155 175.9045346750553 181.40954945492498 -216.61665984858925 
0.008149999999999836 -200.2512984764013 50.92779260056967 -50.92779288598865 1.7634725685120942 369.870532422838 171.25138956020152 176.34728621305703 -200.25128040222896 
0.008159999999999836 -183.9110283929632 46.84385599262063 -46.84385627097091 1.7169754818807688 368.2491203463804 167.01016510299306 171.69757677574725 -183.911010353757 
0.008169999999999835 -167.60087350676363 42.76743340784703 -42.76743367981288 1.6745916840765314 366.63069654026543 163.17951129387956 167.45919628963256 -167.6008555074577 
0.008179999999999835 -151.32579738093548 38.69976601573157 -38.69976628199483 1.6363077046743444 365.0157535288626 159.75795699129333 163.63079771198494 -151.3257794264191 
0.008189999999999835 -135.09072004237487 34.642084104463294 -34.64208436570315 1.6021088636035188 363.4047795165266 156.74391117985746 160.21091303549113 -135.0907021374912 
0.008199999999999834 -118.90051670894358 30.59560676263098 -30.595607019523754 1.5719792836983517 361.7982582613033 154.13566425605612 157.19795454331643 -118.90049885848839 
0.008209999999999834 -127.22077387063543 32.675495695528056 -32.675495946353976 1.537657565050866 -337.3761385055498 150.49555337708978 153.76578210711065 -127.22079418268541 
0.008219999999999833 -145.9069577587525 37.34635465772429 -37.346354900911344 1.4964946783426847 -335.5219461290228 145.91223138709046 149.64949275092977 -145.9069779137379 
0.008229999999999833 -164.44114448383547 41.9792253366986 -41.979225571492094 1.450765612480632 -333.68283612472544 140.87609799354072 145.07658540333478 -164.44116447695137 
0.008239999999999833 -182.81846295397804 46.57288956393836 -46.57288978959121 1.4005146865020923 -331.8592918412927 135.39170684761288 140.05149196880205 -182.81848278050208 
0.008249999999999832 -201.03412355780367 51.12614954029116 -51.12614975606403 1.3457873611009958 -330.05178854221117 129.46372372737014 134.57875851748153 -201.03414321309714 
0.008259999999999832 -219.08341914804893 55.637828081991124 -55.637828287152665 1.286630216778823 -328.26079330821915 123.09692432808649 128.66304310029682 -219.08343862755757 
0.008269999999999831 -236.96172599261604 60.10676885855182 -60.1067690523788 1.2230909317839476 -326.48676494293653 116.29619203274282 122.30911354287909 -236.961745291871 
0.008279999999999831 -254.66450469300895 64.53183662250456 -64.53183680428208 1.1552182598476652 -324.73015388172945 109.06651566227313 115.52184521916975 -254.66452380762772 
0.00828999999999983 -272.1873010700784 68.91191743096283 -68.91191759998448 1.0830620077252973 -322.9914021038205 101.41298720769187 108.3062188055302 -272.18731999576534 
0.00829999999999983 -289.4552907942355 73.2458405714325 -73.24584072700056 1.0066732807071876 378.7220648438951 93.34083418852344 100.66734483184565 -289.52530532789257 
0.00830999999999983 -271.7608829781289 68.80585840854368 -68.80585855360293 0.9391791522421798 376.96628440866954 87.03554603857961 93.9179308615665 -271.7608634753741 
0.00831999999999983 -254.0080310016202 64.36877682125431 -64.3687769565537 0.8761817251721546 375.2047046771659 81.17963051862573 87.61818710565575 -254.00801152136475 
0.008329999999999829 -236.27234470719324 59.93596982174781 -59.93596994803449 0.8176715592076985 373.44482826170815 75.77200620994971 81.76716953501492 -236.27232525490885 
0.008339999999999828 -218.5593234792701 55.5088125487694 -55.50881266678849 0.7636378445728864 371.68720085513223 70.81145463434855 76.36379717187145 -218.55930406038388 
0.008349999999999828 -200.87442359399708 51.08866936731633 -51.088669477810704 0.7140684252498034 369.9323638727256 66.29662376919566 71.40685441423149 -200.87440421389013 
0.008359999999999828 -183.2230567739162 46.67689350719032 -46.67689361090037 0.6689498116228327 368.18085430881257 62.2260293475704 66.89499230030877 -183.22303743792216 
0.008369999999999827 -165.61058876618398 42.27482670743669 -42.27482680510011 0.6282671934624264 366.4332045956717 58.59805619270598 62.82672980690186 -165.61056947958767 
0.008379999999999827 -148.042337944633 37.883798866743795 -37.883798959095394 0.5920044532420357 364.68994246482276 55.4109595844116 59.200455181087555 -148.04231871266907 
0.008389999999999826 -130.52357393596253 33.50512769987477 -33.50512778764622 0.5601441797818066 362.9515908107053 52.662866657610266 56.01442730459057 -130.52355476381416 
0.008400499999988717 -116.55941778471599 30.014925357328806 -30.014925440699066 0.5302462684688376 -338.4340433884469 50.02215685811981 53.024635675492945 -116.55943620981228 
0.008409999999999826 -134.04919255042623 34.38659661959303 -34.386596696317156 0.49474069356018935 -336.69856827849804 46.03447645124069 49.47407759345971 -134.04921152940062 
0.008419999999999825 -151.39892457104423 38.72328246084064 -38.72328252995384 0.45341127716557295 -334.9769893279734 41.4679201926855 45.341135265862604 -151.39894340032714 
0.008429999999999825 -168.60365435096773 43.023727767983594 -43.0237278287861 0.4078469260855051 -333.2697986576284 36.48150164838722 40.78469939920862 -168.60367302612565 
0.008439999999999824 -185.65888588826124 47.286808170766086 -47.28680822256533 0.3580897427857196 -331.5774423966766 31.079543435921828 35.80898024077213 -185.65890440493834 
0.008449999999999824 -202.56019987784757 51.51141847250888 -51.51141851461966 0.30418288172900215 -329.9003590638561 25.266471453646492 30.41829323755026 -202.56021823176675 
0.008459999999999824 -219.3032546091364 55.696472874637685 -55.696472906382375 0.24617052884202442 -328.23897947836065 19.046812804457232 24.61705698294584 -219.30327279609998 
0.008469999999999823 -235.88378683323273 59.84090519360622 -59.84090521431487 0.18409788078986583 -326.5937266737883 12.425193701854443 18.40979114421936 -235.88380484912327 
0.008479999999999823 -252.29761259963894 63.9436690701917 -63.943669079202266 0.11801112406604779 -324.9650158151166 5.406337358600286 11.801114371491957 -252.29763044042005 
0.008489999999999822 -268.54062806239585 68.00373817114959 -68.00373816780802 0.047957413905898943 -323.3532541187112 -2.00493814352396 4.795742189081634 -268.54064572411306 
0.008499999999999822 -284.60881025559644 72.02010638321073 -72.02010636687119 -0.026015146968917126 -321.7588407753733 -9.8037219972475 -2.601515130044342 -284.6088277343776 
0.008509999999999822 -279.52527746192 70.74961337622322 -70.74961334825646 -0.09705024402876566 377.73672962885956 -16.780060611790645 -9.705026018764745 -279.5252566290823 
0.008519999999999821 -260.43926554150005 65.97918274662156 -65.9791827088827 -0.16045443595652617 375.84286312229847 -22.64331593037003 -16.045446267221646 -260.439244738218 
0.00852999999999982 -241.37709711047816 61.21469516255674 -61.21469511584779 -0.21904058651696337 373.95136255714823 -28.025369410530597 -21.904062298725744 -241.37707634259613 
0.00853999999999982 -222.3446477737729 56.457619843402874 -56.45761978852344 -0.272821642838834 372.0628109578462 -32.927662670144564 -27.28216882636829 -222.3446270470858 
0.00854999999999982 -203.3477453369811 51.70941406216451 -51.70941399991155 -0.3218119883481531 370.1777866057992 -37.351779760462364 -32.18120419299028 -203.34772465723302 
0.00855999999999982 -184.392168274106 46.97152276228422 -46.97152269345182 -0.3660274288304502 368.29686288733984 -41.29944573297178 -36.6027489774078 -184.39214764698863 
0.008569999999999819 -165.48364422091439 42.24537818085732 -42.245378106236444 -0.4054851781338959 366.4206081442246 -44.77252517236488 -40.54852456472455 -165.48362365206555 
0.008579999999999819 -146.62784849422923 37.53239947833005 -37.53239939870835 -0.440203843520173 364.5495855267064 -47.773020694830876 -44.02039168141861 -146.62782798923152 
0.008589999999999818 -127.83040263745583 32.833992374756214 -32.83399229091776 -0.4702034106700262 362.68435284921065 -50.30307141217265 -47.02034889589722 -127.83038220183506 
0.008599999999999818 -123.08623569321607 31.64817911109198 -31.648179022535757 -0.49969638922489285 -337.78640039823654 -53.133735183924955 -49.969647242442484 -123.08625350018788 
0.008609999999999817 -139.25581294911385 35.68975620676238 -35.689756111339356 -0.5368561000619023 -336.18192582712754 -57.25381593065831 -53.68561894485323 -139.25583061826245 
0.008619999999999817 -155.29194425577194 39.69798124402772 -39.69798114108534 -0.5779645490620183 -334.5906928286821 -61.76542864195105 -57.79646452932117 -155.29196178295345 
0.008629999999999817 -171.19042798151867 43.671803471464045 -43.6718033603564 -0.6229829142128526 -333.01311832234506 -66.66458610171703 -62.298301793961144 -171.19044536266125 
0.008639999999999816 -186.94713351710558 47.61018989262415 -47.61018977271214 -0.6718713896175691 -331.44961218014953 -71.94720448341091 -67.18715014842671 -186.94715074821016 
0.008649999999999816 -202.55800211903767 51.51212547698322 -51.512125347634715 -0.7245892045231064 -329.9005771430345 -77.60910527272462 -72.45893251673296 -202.55801919617886 
0.008659999999999815 -218.01904772464994 55.37661336382043 -55.376613224410406 -0.7810946425294601 -328.36640873996674 -83.64601720925518 -78.1094772581848 -218.01906464397675 
0.008669999999999815 -233.3263577388505 59.20267505901651 -59.20267490892721 -0.8413450609727599 -326.84749520987384 -90.0535782446568 -84.13452010568523 -233.32637449658694 
0.008679999999999815 -248.47609379247015 62.98935062475245 -62.989350463373555 -0.9052969104748715 -325.34421742639444 -96.82733751578517 -90.52970612069578 -248.47611038491615 
0.008689999999999814 -263.4644924721624 66.73569886209495 -66.73569868882369 -0.9729057546522484 -323.8569488254519 -103.96275733539184 -97.29059166412183 -263.4645088956944 
0.008699999999999814 -278.2878660218098 70.44079748645792 -70.44079730069923 -1.044126289976752 -322.38605533565556 -111.45521519368978 -104.4126463823953 -278.2878822728812 
0.008709999999999813 -282.4461581184234 71.48016686971032 -71.48016667181237 -1.115923644163939 378.02656273113786 -118.73877218683427 -111.59238299654115 -282.4461360045198 
0.008719999999999813 -262.07472116620374 66.38831852531658 -66.38831831782835 -1.1785583367963202 376.00514608866706 -124.49293600810404 -117.8558533026479 -262.07469909009683 
0.008729999999999813 -241.73501408244275 61.30438390028592 -61.30438368406197 -1.2360577495155654 373.9868779371114 -129.73437173513585 -123.60579553193861 -241.73499205033022 
0.008739999999999812 -221.43326530396462 56.22992048249577 -56.22992025838782 -1.2884372463734226 371.97237631170674 -134.4647715017291 -128.84374608984385 -221.4332433219854 
0.008749999999999812 -201.1756505549069 51.16647255022875 -51.16647231908545 -1.3357137115397089 369.9622540171161 -138.68597812979618 -133.57139339362638 -201.17562862914397 
0.008759999999999811 -180.96829123644687 46.11557080446047 -46.115570567127165 -1.3779055340583235 367.9571184676443 -142.39998356853914 -137.7905763479824 -180.96826937292568 
0.008769999999999811 -160.81725284423035 41.07873197308343 -41.078731730401884 -1.41503259219356 365.95757153020287 -145.6089272891474 -141.5032827796722 -160.8172310489173 
0.00877999999999981 -140.7285434138368 36.05745842213952 -36.05745817494769 -1.4471162374073325 363.9642093700569 -148.31509464439497 -144.71164783524267 -140.72852169263766 
0.00878999999999981 -120.70811199458728 31.05323777413846 -31.05323752327027 -1.4741792779748122 361.97762229938377 -150.52091519111255 -147.41795234259075 -120.70809035334581 
0.00879999999999981 -128.70873132600178 33.052853904067035 -33.05285364756297 -1.5059953775864177 -337.22849148533123 -153.90244076575672 -150.59956283348987 -128.70874785218837 
0.00880999999999981 -143.59399616644168 36.77329415225696 -36.77329388895351 -1.5430717270310008 -335.751456647454 -157.982070757583 -154.30719839527 -143.59401256219257 
0.008819999999999809 -158.35284039542998 40.46213774850811 -40.46213747780543 -1.5837788488736655 -334.28696627212685 -162.42161221013433 -158.37791125731073 -158.35285665695608 
0.008829999999999808 -172.9814207598164 44.11842356098406 -44.11842328228855 -1.6280801257993012 -332.8354017176164 -167.2173073358318 -162.80803968749134 -172.98143688339582 
0.008839999999999808 -187.47596035005984 47.74120704324439 -47.74120675596887 -1.6759380421462435 -331.3971377590458 -172.36531017291253 -167.59383211902065 -187.47597633203873 
0.008849999999999808 -201.83274936218044 51.329560424836984 -51.329560128400836 -1.7273142016506693 -329.9725425127896 -177.8616883784545 -172.73144892487713 -201.83276519897365 
0.008859999999999807 -216.0481458334922 54.88257289533493 -54.88257258916422 -1.7821693453537748 -328.56197736346684 -183.7024250376723 -178.21696420852672 -216.04816152158392 
0.008869999999999807 -230.1185763520569 58.399350781803236 -58.39935046533087 -1.8404633696649992 -327.165796893544 -189.8834204870686 -184.04636761024562 -230.11859188800136 
0.008879999999999806 -244.04053673980422 61.87901771968128 -61.87901739234712 -1.9021553445745607 -325.78434881555046 -196.40049415470892 -190.2155661283742 -244.04055212022635 
0.008889999999999806 -257.810592709272 65.3207148170699 -65.32071447832092 -1.9672035320085604 -324.41797390691147 -203.2493864096626 -196.72038595482758 -257.81060793086795 
0.008899999999999806 -271.42538049393846 68.72360081241561 -68.72360046170601 -2.035565404319921 -323.0670059474013 -210.42576042885156 -203.55657432419 -271.4253955534762 
0.008909999999999805 -284.8816074521095 72.08685222558303 -72.08685186237436 -2.107197662908413 -321.73177165922084 -217.92520407327834 -210.7198013757174 -284.8816223464297 
0.008919999999999805 -263.260936034945 66.68264211703782 -66.68264174442848 -2.1690070142103552 376.12285179999463 -223.5655979114013 -216.9007375350384 -263.2609127228862 
0.008929999999999804 -241.680578651727 61.288483939830044 -61.288483558730015 -2.2253464761781823 373.98147641900306 -228.6600170952495 -222.53468466987405 -241.68055539213847 
0.008939999999999804 -220.14631122071077 55.90582905255492 -55.90582866386651 -2.276260443869928 371.84467445110226 -233.2130461978023 -227.62608228676706 -220.14628802006473 
0.008949999999999804 -198.66464644564618 50.53630600338562 -50.536305608007645 -2.321768262049299 369.7130921387628 -237.22678252386433 -232.17686486241013 -198.66462331035376 
0.008959999999999803 -177.2420378249412 45.18152854268434 -45.181528141511876 -2.3618908602180744 367.58736984962843 -240.70348036904628 -236.18912534732954 -177.242014761351 
0.008969999999999803 -155.88487799587904 39.84309520891436 -39.84309480283845 -2.3966507356364604 365.46814191221637 -243.64554928173553 -239.66511346792066 -155.88485501027537 
0.008979999999999802 -134.59949710891752 34.52258892207295 -34.52258851198036 -2.42607193595818 363.356036454602 -246.05555228442404 -242.60723398995611 -134.59947420751908 
0.008989999999999802 -116.89226519033265 30.096419116989793 -30.096418703464053 -2.4510975916149658 -338.40101561104007 -248.11544472021387 -245.1097999723122 -116.89227991532147 
0.008999999999999802 -130.6634617301181 33.53827489096013 -33.53827447140033 -2.483860552331211 -337.03452752590647 -251.73588360315247 -248.38609658944063 -130.6634770316123 
0.009009999999999801 -144.31961754037877 36.95137824845041 -36.95137782230115 -2.519984666827922 -335.6794547005688 -255.6895569640898 -251.99850864057882 -144.31963271959006 
0.0090199999999998 -157.85716333815265 40.3348367701224 -40.33483633683401 -2.559436530169939 -334.3361513077835 -259.97303512006874 -255.94369563165466 -157.85717839162365 
0.0090299999999998 -171.2725913963079 43.687773230239124 -43.68777278926778 -2.602181902387557 -333.0049654122462 -264.58280640494587 -260.21823356512766 -171.27260632064372 
0.0090399999999998 -184.56245556051655 47.009325795853606 -47.00932534666148 -2.648185724790167 -331.6862389689071 -269.51527882194466 -264.818616571353 -184.56247035238536 
0.0090499999999998 -197.72337193768854 50.29864819901328 -50.29864774106864 -2.6974121364126744 -330.38030775465955 -274.7667817038816 -269.7412585532244 -197.7233865938221 
0.009059999999999799 -212.04751424907667 53.87874481303685 -53.878744345706295 -2.750148001953102 -328.95895197473743 -280.39833329326234 -275.0148459853202 -212.04752875220333 
0.009069999999999799 -224.92720332000653 57.097776853633235 -57.09777637650402 -2.8057217465662596 -327.6809263794449 -286.27752937393126 -280.5722213719397 -224.92721768072295 
0.009079999999999798 -237.6678551789676 60.28205542347491 -60.28205493603447 -2.864405659833708 -326.41669716655065 -292.46426170262583 -286.4406136757726 -237.66786939420706 
0.009089999999999798 -250.2663478065688 63.43079972198474 -63.430799223727135 -2.926160836222692 -325.1665741277485 -298.95456170780375 -292.61613234289575 -250.26636187333062 
0.009099999999999797 -262.7196245793987 66.5432452977626 -66.54324478818862 -2.9909476523103 -323.9308605656206 -305.7443906652181 -299.0948150303581 -262.7196384947489 
0.009109999999999797 -275.0246948101881 69.61864418371839 -69.61864366233566 -3.0587257840158593 -322.70985324003874 -312.82964143438375 -305.87262932942116 -275.0247085712596 
0.009119999999999797 -266.2057293844594 67.41409449219661 -67.41409396044818 -3.123126488056926 376.41505771061856 -319.0490597857196 -312.31270080580055 -266.20570486355876 
0.009129999999999796 -243.4129164150094 61.71675885828393 -61.71675831811811 -3.1793292873943657 374.15337280477536 -324.099494295116 -317.93298167532214 -243.4128919543386 
0.009139999999999796 -220.6735784707163 56.032771963151355 -56.03277141552033 -3.2298054891238643 371.89699411793237 -328.5786134557154 -322.9806026887016 -220.67355407707697 
0.009149999999999795 -197.99456142532856 50.363845673213966 -50.36384511906608 -3.2745765440654204 369.64660095234734 -332.4887335062882 -327.457708928296 -197.99453710545654 
0.009159999999999795 -175.3826473272624 44.71167590216123 -44.71167534244067 -3.313665568653477 367.4028662770198 -335.8323356487806 -331.3666120379346 -175.38262308782626 
0.009169999999999795 -152.84455267001758 39.07794217841006 -39.07794161405662 -3.3470973267366033 365.1664565560664 -338.61206418558726 -334.70978840288655 -152.84452851761682 
0.009179999999999794 -130.38692669464018 33.46430722056984 -33.46430665251864 -3.3748982109746652 362.9380315802787 -340.8307246160384 -337.4898772895779 -130.38690263580364 
0.009189999999999794 -128.98832433527548 33.114354440882785 -33.11435386813829 -3.4034075729438404 -337.2007480343715 -343.6467002030634 -340.34081396117676 -128.9883385013795 
0.009199999999999793 -141.50409595681836 36.24230603795022 -36.24230545900801 -3.4374663759038646 -335.95883323432633 -347.36532944625174 -343.7466948242588 -141.50411000928668 
0.009209999999999793 -153.90961112424387 39.34270044027244 -39.34269985462864 -3.474575981546289 -334.72785896006815 -351.38627808976 -347.4576560063768 -153.90962505991928 
0.009219999999999793 -166.20166583393333 42.41473637576369 -42.41473578291986 -3.5147047009001824 -333.5081431384201 -355.7062971592427 -351.47052860991 -166.20167964971625 
0.009229999999999792 -178.3771129302859 45.45762678401264 -45.45762618347587 -3.5578200964557896 -332.29999805529155 -360.3220642488336 -355.7820688833428 -178.3771266231349 
0.009239999999999792 -190.43286273038927 48.4705989725382 -48.470598363821225 -3.6038889973227213 -331.1037302936923 -365.23018505276684 -360.3889597370839 -190.43287629732177 
0.009249999999999791 -202.36588362641731 51.452894767476465 -51.452894150097805 -3.6528775145212196 -329.9196406739588 -370.42719490921763 -365.2878122725934 -202.36589706451005 
0.009259999999999791 -214.173202665711 54.403770658688096 -54.40377003217216 -3.7047510564008097 -328.7480241961929 -375.909560357218 -370.47516732424776 -214.17321597210056 
0.00926999999999979 -225.8519061084995 57.32249793927507 -57.32249730315227 -3.75947434418059 -327.5891699849213 -381.673680704017 -375.9474970133694 -225.85191928038293 
0.00927999999999979 -237.39913996324208 60.20836283950209 -60.208362193308936 -3.8170114276054843 -326.4433612359743 -387.7158896046615 -381.7012063138522 -237.3991529978772 
0.00928999999999979 -248.8121104995526 63.06066665511322 -63.06066599839246 -3.8773257007127166 -325.31087516558887 -394.03245665031744 -387.732634628809 -248.81212339425878 
0.00929999999999979 -260.08808473870516 65.87872587004271 -65.8787252023434 -3.940379917702806 -324.19198296173715 -400.61958896923767 -394.03805737767175 -260.0880974908634 
0.009309999999999789 -271.22439092170026 68.66187227351601 -68.66187159439362 -4.006136208909379 -323.0869497376816 -407.4734328343381 -400.6136875931725 -271.22440352875384 
0.009319999999999789 -271.7220741278872 68.78589949680531 -68.78589880672024 -4.071790194562709 376.96243348465583 -414.05104259157764 -407.17908725164546 -271.72204839828964 
0.009329999999999788 -247.71730486170947 62.78551929398259 -62.7855185955311 -4.1279901940566415 374.5804885974526 -419.0708916739612 -412.79908813676974 -247.7172791992526 
0.009339999999999788 -223.77258146696153 56.80012963251307 -56.800128926697134 -4.178163290681881 372.20450194108537 -423.4895595618869 -417.8163986346764 -223.77255587878602 
0.009349999999999787 -199.89508840751446 50.83152708222747 -50.83152637004484 -4.222332993496248 369.83518641542804 -427.30957678825285 -422.2333696515393 -199.89506290068695 
0.009359999999999787 -176.09194192250274 44.881491128205916 -44.88149041064984 -4.2605245580961455 367.4732481505517 -430.533646825056 -426.0525267474193 -176.0919165040179 
0.009369999999999786 -152.37018821971918 38.95178375125745 -38.95178302931638 -4.292764967237633 365.1193863274574 -433.16464410704987 -429.27656819837136 -152.37016289649804 
0.009379999999999786 -128.73680170296802 33.04414898459912 -33.04414825925643 -4.319082911010196 362.77429300218284 -435.20561200495536 -431.90836301382194 -128.7367764818562 
0.009389999999999786 -136.63033400314725 35.01664870451437 -35.016647973665485 -4.350147202330407 -336.4424468128725 -438.5093291553936 -435.01479266306404 -136.63034695081762 
0.009399999999999785 -147.9250301631999 37.83927756797601 -37.83927683089269 -4.384731661970012 -335.3216968705326 -442.24998992066287 -438.47323920285623 -147.92504300354548 
0.009409999999999785 -159.11543164549514 40.63583876432346 -40.63583802055215 -4.422063602701694 -334.2112958789239 -446.26278738779445 -442.2064338976019 -159.11544437570117 
0.009419999999999784 -170.1986800954997 43.405617457086265 -43.40561670617848 -4.462113247163498 -333.11152746680733 -450.5446723838722 -446.2113990106096 -170.19869271280467 
0.009429999999999784 -181.17196975172553 46.147911957855364 -46.14791119936781 -4.504850152365275 -332.0226700442421 -455.0925304892778 -450.4850902423574 -181.17198225342165 
0.009439999999999784 -192.03254799014675 48.862033862467236 -48.86203309596193 -4.550243223673808 -330.94499674856377 -459.9031834496584 -455.0243981290062 -192.03256037358062 
0.009449999999999783 -202.77771584824117 51.54730818209352 -51.54730740713787 -4.59826072891283 -329.87877539238576 -464.9733905987639 -459.82614945240067 -202.77772811081408 
0.009459999999999783 -213.40482852861888 54.20307346922707 -54.203072685393984 -4.648870312572678 -328.8242684136236 -470.29985029244114 -464.8871086610359 -213.4048406677873 
0.009469999999999782 -223.91129588222114 56.82868193855996 -56.82868114542796 -4.7020390101244045 -327.78173282754994 -475.87920135165035 -470.20397930146817 -223.91130789549743 
0.009479999999999782 -234.2945828710591 59.42349958274586 -59.423498779899155 -4.757733262433129 -326.7514201808763 -481.70802451592806 -475.7734054596509 -234.2945947560115 
0.009489999999999782 -244.55221001049023 61.98690628304639 -61.98690547007498 -4.815918930265404 -325.73357650786807 -487.78284390459294 -481.5919732116706 -244.55222176474356 
0.009499999999999781 -254.6817537910193 64.51829591485787 -64.51829509135766 -4.876561308885392 -324.7284422884891 -494.1001284871192 -487.6562120833661 -254.6817654122553 
0.00950999999999978 -264.6808470796237 67.01707644811879 -67.01707561369163 -4.939625142734678 -323.7362524085798 -500.6562935609692 -493.96259651830854 -264.6808585655813 
0.00951999999999978 -274.54717950061627 69.48267004260065 -69.48266919685447 -5.005074640190481 -322.75723612206457 -507.44770223759815 -500.50754735362403 -274.54719084909203 
0.00952999999999978 -249.36304526347823 63.18739949176545 -63.18739863780533 -5.060655569280535 374.7437921015267 -512.376072218679 -506.0656411880529 -249.36301843424866 
0.00953999999999978 -224.2472782034711 56.90919159040975 -56.90919072929082 -5.109887653131468 372.2516051417854 -516.6713576052266 -510.9888503928612 -224.24725145636862 
0.00954999999999978 -199.20625969044804 50.64964956491809 -50.649648697685926 -5.152827519132873 369.7668353297509 -520.33929828784 -515.2828377079512 -199.2062330328548 
0.009559999999999779 -174.24742511388703 44.41063271151698 -44.41063183921226 -5.18950269939744 367.29022046413934 -523.3828333678265 -518.9503563450503 -174.2473985531086 
0.009569999999999778 -149.37813526584878 38.193981680731014 -38.19398080438921 -5.219942529019512 364.8224909415161 -525.8050803770714 -521.9943398140812 -149.3781088091124 
0.009579999999999778 -131.60416642696887 33.750783088439775 -33.75078220850068 -5.2459692218665355 -336.9411832942588 -527.9634551665632 -524.5970095321284 -131.60417829162708 
0.009589999999999778 -141.80988020753733 36.30110651765948 -36.3011056319548 -5.278012882847561 -335.9284908792505 -531.4228088422165 -527.8013761637584 -141.80989197424068 
0.009599999999999777 -151.92036626588174 38.82762839014941 -38.827627498269564 -5.3125378255968005 -334.9252477192446 -535.1279063471177 -531.2538710135232 -151.92037793208723 
0.009609999999999777 -161.93304881386462 41.32970453430207 -41.32970363584212 -5.349516900632183 -333.9317094045082 -539.0759683588182 -534.9517791327636 -161.93306037708447 
0.009619999999999776 -171.84539985075034 43.806702725197646 -43.806701819757386 -5.388922359097217 -332.9481267834605 -543.2641568132198 -538.8923256353687 -171.84541130854564 
0.009629999999999776 -181.65493965110045 46.25800280665251 -46.25800189383655 -5.430725865460456 -331.9747459142605 -547.6895761863726 -543.0726769677216 -181.6549510010816 
0.009639999999999775 -191.35923723420652 48.682996808649214 -48.68299588806709 -5.474898510317677 -331.01180801822557 -552.3492747867175 -547.4899421889189 -191.35924847403365 
0.009649999999999775 -200.9559108150287 51.08108906014224 -51.0810881314085 -5.5214108232920545 -330.05954943508624 -557.2402460566365 -552.1411742607875 -200.9559219424121 
0.009659999999999775 -210.44262823661458 53.45169629723379 -53.45169535996807 -5.570232786027601 -329.1182015800779 -562.3594298816771 -557.0233713472287 -210.44263924931505 
0.009669999999999774 -219.81710738398607 55.7942477667155 -55.79424682054265 -5.621333845271136 -328.1879909028715 -567.7037139101502 -562.1334781224155 -219.81711827981553 
0.009680499999996236 -229.07932485152358 58.10868523661372 -58.1086842807137 -5.677383422871273 -327.2689197259597 -573.5400082433235 -567.7384368156557 -229.0793356314675 
0.009690499999996246 -238.2255082080785 60.394167603194006 -60.39416663761639 -5.733164410100201 -326.3613623800841 -579.3465704933924 -573.316536467303 -238.2255188669222 
0.009700499999996256 -247.2528910087946 62.64995299385922 -62.64995201824529 -5.791127425197962 -325.4655933739938 -585.3683621226877 -579.1128389421642 -247.25290154450377 
0.009710499999996266 -256.1593943175667 64.87552145202491 -64.87552046602146 -5.8512398555248755 -324.5818189963297 -591.6020699239477 -585.1240829757285 -256.1594047281593 
0.009720499999996276 -264.9429910430771 67.07036598282916 -67.0703649860886 -5.913468621212805 -323.71024039127883 -598.0443352634678 -591.3469605806313 -264.9430013266237 
0.009730499999996286 -252.6280468151559 63.9916382072666 -63.991637201449876 -5.971005365199288 375.06777162686575 -603.4900314147661 -597.1006359372674 -252.62801884484955 
0.009740499999996296 -226.36713550638478 57.427096444894346 -57.42709543215487 -6.019107455601892 372.46195431066457 -607.6436848206847 -601.9108457784287 -226.36710762531814 
0.009750499999996306 -200.18780390491906 50.88292752463451 -50.882926506064315 -6.060636851243962 369.86423198444476 -611.1421169803355 -606.0637860341006 -200.18777612078662 
0.009760499999996316 -174.09780305991103 44.361069678424684 -44.361068655110515 -6.095623363375721 367.27537376919605 -613.988502798984 -609.5624378298025 -174.09777538032648 
0.009770499999996326 -148.10480509841207 37.86344141144787 -37.86344038447087 -6.124098679391135 364.6961409546277 -616.1862028203841 -612.4099699054584 -148.1047775309062 
0.009780499999996336 -139.69785661256813 35.76141927570067 -35.76141824449317 -6.151584178776849 -336.1380627250743 -618.7244980608804 -615.158520301664 -139.69786731092034 
0.009790499999996346 -148.73480155640166 38.01949748697014 -38.01949644989454 -6.1845351621409215 -335.24134488678925 -622.245357201015 -618.4536191867055 -148.73481216260714 
0.009800499999996356 -157.68198474188515 40.25513976774014 -40.25513872443547 -6.219674485194356 -334.3535339269247 -625.9828030206132 -621.9675520771193 -157.6819952537371 
0.009810499999996366 -166.53716287054138 42.467785091538786 -42.46778404164839 -6.256976718155898 -333.47485244346865 -629.9342364793063 -625.6977759943562 -166.53717328587726 
0.009820499999996376 -175.29813642339803 44.656883376728175 -44.65688231989983 -6.296415912809867 -332.60551869025693 -634.0970077882642 -629.6416961164165 -175.29814674009998 
0.009830499999996386 -183.96275007110862 46.821895589098744 -46.821894524984714 -6.337965614106836 -331.7457465362778 -638.468417581293 -633.7966669379165 -183.96276028710378 
0.009840499999996396 -192.52889306740485 48.96229384029629 -48.962292768553425 -6.381598871848886 -330.89574542663047 -643.0457180924683 -638.1599934386159 -192.5289031806659 
0.009850499999996406 -200.9944996258688 51.07756148207803 -51.077560402367844 -6.4272882524552495 -330.0557203451389 -647.8261143427223 -642.7289322599812 -200.99450963441407 
0.009860499999996416 -209.35754928001128 53.16719319639533 -53.16719210838406 -6.475005850804084 -329.2258717786219 -652.8067653324694 -647.5006928893636 -209.35755918190526 
0.009870499999996426 -217.61606722665334 55.230695081301285 -55.23069398465998 -6.5247233021460875 -328.4063956828198 -657.9847852417644 -652.4724388513603 -217.61607702000688 
0.009880499999996436 -225.76812465261034 57.267584732683616 -57.26758362708821 -6.57641179408578 -327.5974834499785 -663.3572446369967 -657.6412889059436 -225.7681343355811 
0.009890499999996446 -233.8118390446837 59.27739132182406 -59.277390206955445 -6.630042078626164 -326.79932187808964 -668.9211716822747 -663.0043182529273 -233.81184861547612 
0.009900499999996456 -241.7453744829762 61.25965566878795 -61.25965454433203 -6.68558448427257 -326.0120931417855 -674.6735533577018 -668.55855974235 -241.7453839398421 
0.009910499999996466 -249.5669419175379 63.21393031164604 -63.213929177293814 -6.743008928191446 -325.2359747648878 -680.6113366821298 -674.3010050903555 -249.56695125877653 
0.009920499999996476 -257.2747994283732 65.13977957153605 -65.13977842698367 -6.8022849284199 -324.4711395946081 -686.7314299401735 -680.2286061001472 -257.27480865233156 
0.009930499999996486 -254.37103612647115 64.41326034351259 -64.4132591893953 -6.860401817399154 375.2407249442879 -692.470368314465 -686.0402959657196 -254.37100704248522 
0.009940499999996496 -226.99242246075718 57.56923875832428 -57.56923759747847 -6.907618046704466 372.5240002752595 -696.5074881642738 -690.7619196824021 -226.99239347344584 
0.009950499999996506 -199.70251599189336 50.747371101936054 -50.747369935499364 -6.94798605296314 369.8160778426392 -699.8620125097171 -694.7987209803974 -199.70248710925634 
0.009960499999996516 -172.50937271265957 43.949671893456284 -43.94967072256072 -6.98153781542587 367.1177570263581 -702.5373406815773 -698.1538977853077 -172.50934394260761 
0.009970499999996526 -145.42096534864794 37.17813481017115 -37.17813363594271 -7.008307261816948 364.4298289439129 -704.5370647704926 -700.8308428701273 -145.42093669900447 
0.009980499999996536 -146.39200486595152 37.42002841719694 -37.420027237957456 -7.038132112205501 -335.4738158818942 -707.5436906155944 -703.8133284055668 -146.39201442607606 
0.009990499999996546 -154.28811603983604 39.39284769898224 -39.39284651386494 -7.07142664404943 -334.69030067994134 -711.070377192687 -707.1427821443143 -154.28812551385778 
